Format Version,1.25,Take Name,Turn_017,Take Notes,,Capture Frame Rate,240.000000,Export Frame Rate,240.000000,Capture Start Time,2025-08-27 08.01.34.584 PM,Capture Start Frame,998489,Total Frames in Take,843,Total Exported Frames,843,Rotation Type,Quaternion,Length Units,Millimeters,Coordinate Space,Global

,Type,Rigid Body,Rigid Body,Rigid Body,Rigid Body,Rigid Body,Rigid Body,Rigid Body,Rigid Body,Rigid Body,Rigid Body,Rigid Body,Rigid Body,Rigid Body,Rigid Body,Rigid Body,Rigid Body,Rigid Body,Rigid Body,Rigid Body,Rigid Body,Rigid Body
,Name,LFoot,LFoot,LFoot,LFoot,LFoot,LFoot,LFoot,RFoot,RFoot,RFoot,RFoot,RFoot,RFoot,RFoot,Waist,Waist,Waist,Waist,Waist,Waist,Waist
,ID,F166F33A839B11F034C857AE43D8E3B6,F166F33A839B11F034C857AE43D8E3B6,F166F33A839B11F034C857AE43D8E3B6,F166F33A839B11F034C857AE43D8E3B6,F166F33A839B11F034C857AE43D8E3B6,F166F33A839B11F034C857AE43D8E3B6,F166F33A839B11F034C857AE43D8E3B6,BBD91479839C11F034C857AE43D8E3B6,BBD91479839C11F034C857AE43D8E3B6,BBD91479839C11F034C857AE43D8E3B6,BBD91479839C11F034C857AE43D8E3B6,BBD91479839C11F034C857AE43D8E3B6,BBD91479839C11F034C857AE43D8E3B6,BBD91479839C11F034C857AE43D8E3B6,84966C9E839D11F034C857AE43D8E3B6,84966C9E839D11F034C857AE43D8E3B6,84966C9E839D11F034C857AE43D8E3B6,84966C9E839D11F034C857AE43D8E3B6,84966C9E839D11F034C857AE43D8E3B6,84966C9E839D11F034C857AE43D8E3B6,84966C9E839D11F034C857AE43D8E3B6
,Parent,,,,,,,,,,,,,,,,,,,,,
,,Rotation,Rotation,Rotation,Rotation,Position,Position,Position,Rotation,Rotation,Rotation,Rotation,Position,Position,Position,Rotation,Rotation,Rotation,Rotation,Position,Position,Position
Frame,Time (Seconds),X,Y,Z,W,X,Y,Z,X,Y,Z,W,X,Y,Z,X,Y,Z,W,X,Y,Z
0,0.000000,-0.024139,0.001074,-0.957718,0.286691,-200.795288,948.963257,33.922638,0.041695,0.003743,0.973471,-0.224948,-480.430542,779.484741,40.973454,0.013830,-0.008049,0.929743,-0.367861,-316.335480,854.586304,957.027161
1,0.004167,-0.024139,0.001121,-0.957712,0.286711,-200.793472,948.957214,33.921635,0.041747,0.003758,0.973472,-0.224935,-480.428986,779.483459,40.972225,0.013873,-0.008049,0.929766,-0.367802,-316.303375,854.570190,957.017395
2,0.008333,-0.024122,0.001136,-0.957720,0.286686,-200.796860,948.957092,33.920235,0.041718,0.003754,0.973472,-0.224941,-480.430908,779.483276,40.978714,0.013888,-0.008025,0.929803,-0.367707,-316.276611,854.555542,957.009705
3,0.012500,-0.024134,0.001104,-0.957708,0.286727,-200.792984,948.951721,33.919025,0.041749,0.003722,0.973467,-0.224957,-480.426514,779.483459,40.976398,0.013936,-0.008049,0.929822,-0.367657,-316.250732,854.541321,957.000549
4,0.016667,-0.024156,0.001125,-0.957706,0.286730,-200.789169,948.950928,33.920277,0.041785,0.003710,0.973470,-0.224937,-480.425110,779.482056,40.979851,0.013913,-0.008086,0.929852,-0.367581,-316.227692,854.512207,957.004517
5,0.020833,-0.024111,0.001146,-0.957710,0.286721,-200.789780,948.951904,33.915562,0.041816,0.003711,0.973464,-0.224956,-480.424469,779.481628,40.976562,0.013904,-0.008122,0.929879,-0.367512,-316.197327,854.496643,957.008423
6,0.025000,-0.024193,0.001106,-0.957715,0.286699,-200.792740,948.955872,33.920330,0.041819,0.003730,0.973468,-0.224940,-480.424072,779.483765,40.978367,0.013919,-0.008148,0.929898,-0.367464,-316.174591,854.476990,957.002930
7,0.029167,-0.024147,0.001112,-0.957713,0.286706,-200.794006,948.952637,33.925941,0.041795,0.003730,0.973473,-0.224922,-480.422974,779.478882,40.981213,0.013952,-0.008126,0.929926,-0.367391,-316.145508,854.455872,956.991028
8,0.033333,-0.024096,0.001172,-0.957707,0.286733,-200.790878,948.950684,33.917793,0.041849,0.003749,0.973471,-0.224918,-480.425354,779.475342,40.978947,0.013951,-0.008170,0.929944,-0.367345,-316.122833,854.447876,956.989685
9,0.037500,-0.024145,0.001108,-0.957712,0.286710,-200.795746,948.947021,33.929214,0.041825,0.003729,0.973468,-0.224939,-480.424133,779.477295,40.978256,0.013975,-0.008190,0.929961,-0.367301,-316.101990,854.426636,956.984802
10,0.041667,-0.024149,0.001157,-0.957711,0.286714,-200.794937,948.951965,33.917339,0.041873,0.003744,0.973468,-0.224927,-480.423706,779.476990,40.980267,0.013982,-0.008197,0.929988,-0.367231,-316.077454,854.406738,956.981018
11,0.045833,-0.024098,0.001211,-0.957706,0.286736,-200.798218,948.949341,33.923714,0.041851,0.003741,0.973469,-0.224930,-480.421143,779.477539,40.976742,0.014034,-0.008201,0.930009,-0.367176,-316.053680,854.392029,956.974243
12,0.050000,-0.024041,0.001186,-0.957712,0.286719,-200.799805,948.954773,33.909634,0.041872,0.003727,0.973469,-0.224924,-480.421204,779.476135,40.974422,0.014046,-0.008197,0.930022,-0.367144,-316.031036,854.362915,956.975037
13,0.054167,-0.024012,0.001242,-0.957720,0.286697,-200.800446,948.953125,33.916622,0.041877,0.003746,0.973471,-0.224916,-480.419250,779.479309,40.978352,0.014014,-0.008248,0.930048,-0.367079,-316.015533,854.345337,956.975525
14,0.058333,-0.024025,0.001221,-0.957705,0.286744,-200.797562,948.947754,33.910458,0.041833,0.003750,0.973477,-0.224895,-480.420898,779.481506,40.976204,0.014080,-0.008225,0.930064,-0.367035,-315.989410,854.336243,956.964966
15,0.062500,-0.023967,0.001247,-0.957714,0.286720,-200.799377,948.946655,33.912228,0.041831,0.003761,0.973481,-0.224878,-480.417603,779.478699,40.975208,0.014031,-0.008243,0.930095,-0.366959,-315.966400,854.311890,956.966309
16,0.066667,-0.023944,0.001240,-0.957707,0.286744,-200.801697,948.950378,33.911854,0.041813,0.003740,0.973481,-0.224883,-480.416626,779.483948,40.975479,0.014078,-0.008267,0.930111,-0.366916,-315.948975,854.293213,956.954712
17,0.070833,-0.023975,0.001285,-0.957714,0.286719,-200.802765,948.944275,33.919952,0.041836,0.003712,0.973482,-0.224875,-480.417633,779.485168,40.972355,0.014030,-0.008279,0.930121,-0.366892,-315.925171,854.260559,956.970093
18,0.075000,-0.023951,0.001294,-0.957703,0.286758,-200.791733,948.947815,33.908783,0.041819,0.003733,0.973491,-0.224839,-480.415924,779.485413,40.974277,0.014043,-0.008288,0.930148,-0.366823,-315.903168,854.242188,956.953857
19,0.079167,-0.023895,0.001356,-0.957704,0.286759,-200.795700,948.950378,33.910564,0.041846,0.003729,0.973484,-0.224863,-480.415527,779.487427,40.972313,0.014090,-0.008304,0.930168,-0.366769,-315.883545,854.236572,956.948242
20,0.083333,-0.023907,0.001344,-0.957704,0.286758,-200.797699,948.952026,33.905972,0.041823,0.003675,0.973488,-0.224851,-480.412048,779.489014,40.973324,0.014017,-0.008329,0.930203,-0.366683,-315.860046,854.199402,956.961609
21,0.087500,-0.023904,0.001315,-0.957702,0.286763,-200.797241,948.952393,33.907116,0.041890,0.003713,0.973486,-0.224846,-480.411621,779.489441,40.970963,0.014065,-0.008275,0.930219,-0.366641,-315.848053,854.181335,956.946350
22,0.091667,-0.023866,0.001388,-0.957709,0.286744,-200.796585,948.955994,33.905048,0.041828,0.003706,0.973494,-0.224824,-480.410889,779.492432,40.972420,0.014086,-0.008258,0.930246,-0.366573,-315.816223,854.174377,956.933167
23,0.095833,-0.023847,0.001380,-0.957717,0.286720,-200.801651,948.959839,33.914181,0.041893,0.003722,0.973495,-0.224809,-480.408020,779.488586,40.971756,0.014062,-0.008265,0.930264,-0.366529,-315.805939,854.147766,956.934387
24,0.100000,-0.023781,0.001420,-0.957711,0.286744,-200.800613,948.959839,33.907787,0.041878,0.003708,0.973494,-0.224817,-480.406067,779.491516,40.969906,0.014165,-0.008105,0.930252,-0.366557,-315.782166,854.235840,956.857300
25,0.104167,-0.023810,0.001455,-0.957706,0.286760,-200.800354,948.950439,33.911251,0.041823,0.003690,0.973494,-0.224825,-480.404480,779.493774,40.974094,0.014113,-0.008541,0.930254,-0.366545,-315.825043,854.258301,956.939331
26,0.108333,-0.023812,0.001453,-0.957708,0.286751,-200.802460,948.943298,33.912338,0.041908,0.003699,0.973495,-0.224806,-480.404694,779.491577,40.968567,0.014088,-0.008484,0.930245,-0.366570,-315.832611,854.258362,956.928284
27,0.112500,-0.023740,0.001485,-0.957706,0.286764,-200.799194,948.950867,33.909161,0.041890,0.003686,0.973499,-0.224791,-480.400970,779.493103,40.969063,0.014049,-0.008456,0.930243,-0.366578,-315.845673,854.240662,956.924622
28,0.116667,-0.023754,0.001486,-0.957701,0.286778,-200.801987,948.950378,33.909199,0.041895,0.003675,0.973504,-0.224769,-480.401154,779.491577,40.971882,0.014012,-0.008436,0.930244,-0.366577,-315.837860,854.222900,956.927307
29,0.120833,-0.023721,0.001470,-0.957701,0.286781,-200.797379,948.952087,33.906738,0.041872,0.003664,0.973500,-0.224791,-480.399414,779.497437,40.970112,0.014077,-0.008446,0.930253,-0.366551,-315.829681,854.202820,956.914551
30,0.125000,-0.023728,0.001469,-0.957707,0.286761,-200.805618,948.948853,33.915020,0.041942,0.003678,0.973500,-0.224777,-480.401978,779.493408,40.970501,0.014050,-0.008474,0.930281,-0.366481,-315.806305,854.173706,956.913574
31,0.129167,-0.023738,0.001453,-0.957700,0.286782,-200.801666,948.953125,33.915752,0.041884,0.003676,0.973501,-0.224785,-480.398193,779.493225,40.973797,0.014133,-0.008497,0.930310,-0.366404,-315.782318,854.147705,956.905212
32,0.133333,-0.023730,0.001475,-0.957704,0.286771,-200.811646,948.947876,33.914379,0.041863,0.003679,0.973503,-0.224778,-480.399384,779.496521,40.970024,0.014142,-0.008513,0.930339,-0.366330,-315.749451,854.123169,956.900085
33,0.137500,-0.023763,0.001485,-0.957700,0.286782,-200.804947,948.943054,33.916195,0.041924,0.003673,0.973505,-0.224758,-480.398468,779.493774,40.976295,0.014132,-0.008532,0.930367,-0.366259,-315.727692,854.087891,956.898499
34,0.141667,-0.023740,0.001521,-0.957704,0.286771,-200.802673,948.942810,33.911556,0.041874,0.003683,0.973509,-0.224750,-480.401947,779.490112,40.975548,0.014147,-0.008595,0.930398,-0.366177,-315.709900,854.057129,956.905945
35,0.145833,-0.023768,0.001433,-0.957694,0.286801,-200.798248,948.947693,33.911247,0.041938,0.003669,0.973502,-0.224770,-480.399597,779.491699,40.975590,0.014149,-0.008546,0.930429,-0.366099,-315.687134,854.029053,956.903687
36,0.150000,-0.023798,0.001482,-0.957708,0.286753,-200.804062,948.944214,33.910122,0.041888,0.003647,0.973507,-0.224760,-480.400909,779.489136,40.976837,0.014222,-0.008551,0.930444,-0.366059,-315.675079,854.030701,956.885864
37,0.154167,-0.023788,0.001443,-0.957706,0.286759,-200.805359,948.943787,33.912971,0.041916,0.003663,0.973506,-0.224759,-480.403595,779.486816,40.980679,0.014177,-0.008549,0.930473,-0.365986,-315.652466,853.983459,956.891846
38,0.158333,-0.023790,0.001460,-0.957696,0.286793,-200.802216,948.939636,33.916313,0.041950,0.003644,0.973502,-0.224767,-480.397156,779.490967,40.976688,0.014174,-0.008539,0.930494,-0.365934,-315.634308,853.960388,956.887817
39,0.162500,-0.023799,0.001432,-0.957694,0.286798,-200.802429,948.942871,33.911850,0.041945,0.003643,0.973499,-0.224783,-480.400970,779.487671,40.978546,0.014195,-0.008526,0.930520,-0.365868,-315.626221,853.947998,956.881775
40,0.166667,-0.023747,0.001448,-0.957692,0.286811,-200.800140,948.945557,33.907539,0.041969,0.003662,0.973502,-0.224765,-480.402618,779.481934,40.979549,0.014171,-0.008540,0.930534,-0.365833,-315.611420,853.926880,956.879822
41,0.170833,-0.023745,0.001473,-0.957691,0.286813,-200.806213,948.935913,33.912415,0.042010,0.003673,0.973499,-0.224772,-480.404297,779.476562,40.979397,0.014177,-0.008547,0.930556,-0.365776,-315.602722,853.900024,956.882629
42,0.175000,-0.023762,0.001442,-0.957687,0.286825,-200.807632,948.929138,33.914120,0.041960,0.003670,0.973502,-0.224767,-480.408325,779.469666,40.986355,0.013855,-0.008744,0.930601,-0.365667,-315.588409,853.710266,957.003601
43,0.179167,-0.023696,0.001531,-0.957691,0.286818,-200.810974,948.923340,33.911472,0.042020,0.003653,0.973496,-0.224780,-480.406647,779.474121,40.980297,0.013922,-0.008731,0.930636,-0.365576,-315.560974,853.698608,956.993347
44,0.183333,-0.023813,0.001444,-0.957683,0.286836,-200.812195,948.921326,33.913666,0.041981,0.003680,0.973502,-0.224763,-480.407135,779.471375,40.986103,0.013968,-0.008712,0.930682,-0.365458,-315.506500,853.652405,956.996277
45,0.187500,-0.023691,0.001530,-0.957683,0.286844,-200.808716,948.917908,33.913216,0.041976,0.003648,0.973503,-0.224758,-480.403687,779.470947,40.986664,0.013978,-0.008743,0.930713,-0.365379,-315.481445,853.622009,956.992493
46,0.191667,-0.023638,0.001523,-0.957687,0.286834,-200.813660,948.917725,33.912125,0.041969,0.003665,0.973512,-0.224722,-480.403595,779.473694,40.981133,0.014023,-0.008706,0.930748,-0.365289,-315.456482,853.608643,956.980469
47,0.195833,-0.023752,0.001528,-0.957686,0.286830,-200.816330,948.911743,33.911491,0.042004,0.003656,0.973506,-0.224742,-480.399780,779.476196,40.979504,0.014037,-0.008726,0.930780,-0.365206,-315.434143,853.581421,956.982361
48,0.200000,-0.023699,0.001543,-0.957686,0.286832,-200.812668,948.913513,33.919472,0.041977,0.003631,0.973508,-0.224739,-480.398926,779.481201,40.981960,0.014057,-0.008735,0.930805,-0.365141,-315.420166,853.560120,956.983276
49,0.204167,-0.023631,0.001609,-0.957683,0.286850,-200.816727,948.913452,33.913300,0.042011,0.003639,0.973508,-0.224731,-480.402496,779.476318,40.981194,0.014063,-0.008768,0.930819,-0.365106,-315.408600,853.534180,956.974243
50,0.208333,-0.023635,0.001602,-0.957691,0.286824,-200.817139,948.910645,33.912842,0.042013,0.003640,0.973506,-0.224741,-480.399231,779.480103,40.982361,0.014068,-0.008808,0.930830,-0.365075,-315.392548,853.505432,956.975464
51,0.212500,-0.023562,0.001622,-0.957683,0.286855,-200.816284,948.913635,33.917645,0.042015,0.003607,0.973506,-0.224740,-480.399139,779.479675,40.983494,0.014131,-0.008673,0.930876,-0.364958,-315.343140,853.456360,956.929077
52,0.216667,-0.023603,0.001591,-0.957686,0.286841,-200.824905,948.912781,33.923935,0.041995,0.003619,0.973508,-0.224736,-480.396759,779.479553,40.982487,0.014077,-0.008877,0.930864,-0.364986,-315.362457,853.463196,956.971375
53,0.220833,-0.023586,0.001644,-0.957674,0.286881,-200.820267,948.912842,33.914955,0.042012,0.003592,0.973509,-0.224727,-480.397705,779.480286,40.980820,0.014132,-0.008730,0.930890,-0.364922,-315.326050,853.413574,956.927124
54,0.225000,-0.023557,0.001666,-0.957675,0.286880,-200.819351,948.912292,33.919979,0.042001,0.003616,0.973514,-0.224709,-480.398132,779.476746,40.979156,0.014415,-0.008637,0.930876,-0.364949,-315.304657,853.487732,956.831604
55,0.229167,-0.023555,0.001643,-0.957679,0.286867,-200.828522,948.916504,33.927048,0.041990,0.003619,0.973512,-0.224716,-480.399414,779.477600,40.983757,0.014389,-0.008653,0.930892,-0.364908,-315.306976,853.469360,956.841858
56,0.233333,-0.023594,0.001635,-0.957677,0.286870,-200.818069,948.913452,33.924946,0.042027,0.003606,0.973511,-0.224716,-480.402039,779.476501,40.984699,0.014388,-0.008674,0.930917,-0.364843,-315.282837,853.437561,956.823608
57,0.237500,-0.023634,0.001563,-0.957685,0.286841,-200.824875,948.909790,33.925522,0.041982,0.003611,0.973509,-0.224734,-480.401581,779.477417,40.985725,0.014462,-0.008747,0.930922,-0.364826,-315.266296,853.414734,956.817322
58,0.241667,-0.023587,0.001615,-0.957682,0.286857,-200.824142,948.908569,33.928211,0.042013,0.003608,0.973510,-0.224722,-480.400238,779.477661,40.988434,0.014480,-0.008761,0.930939,-0.364783,-315.250519,853.391907,956.809326
59,0.245833,-0.023507,0.001675,-0.957683,0.286858,-200.824677,948.909668,33.920959,0.042054,0.003602,0.973507,-0.224726,-480.399841,779.478333,40.982136,0.014535,-0.008787,0.930949,-0.364755,-315.239777,853.376404,956.799072
60,0.250000,-0.023558,0.001685,-0.957675,0.286880,-200.822800,948.912964,33.919147,0.042044,0.003624,0.973512,-0.224708,-480.406372,779.471863,40.988838,0.014511,-0.008824,0.930972,-0.364695,-315.222473,853.335632,956.802490
61,0.254167,-0.023545,0.001707,-0.957676,0.286879,-200.821869,948.916809,33.919796,0.041957,0.003583,0.973514,-0.224717,-480.402588,779.476196,40.984100,0.014524,-0.008820,0.930985,-0.364663,-315.206970,853.319641,956.805176
62,0.258333,-0.023590,0.001648,-0.957676,0.286875,-200.823914,948.915588,33.923542,0.041990,0.003636,0.973514,-0.224710,-480.400970,779.476929,40.990421,0.014531,-0.008860,0.930996,-0.364633,-315.189453,853.289856,956.798706
63,0.262500,-0.023618,0.001609,-0.957677,0.286869,-200.825546,948.916260,33.921116,0.041980,0.003600,0.973515,-0.224709,-480.398743,779.477356,40.987743,0.014543,-0.008848,0.931019,-0.364573,-315.177063,853.266968,956.793030
64,0.266667,-0.023563,0.001705,-0.957679,0.286869,-200.821976,948.909363,33.919525,0.042026,0.003591,0.973513,-0.224706,-480.401276,779.476135,40.985344,0.014565,-0.008866,0.931035,-0.364532,-315.162811,853.253113,956.786804
65,0.270833,-0.023546,0.001676,-0.957671,0.286895,-200.822205,948.917114,33.925426,0.041992,0.003582,0.973513,-0.224713,-480.399048,779.478394,40.988983,0.014548,-0.008848,0.931051,-0.364493,-315.147858,853.229065,956.783325
66,0.275000,-0.023532,0.001753,-0.957673,0.286891,-200.826340,948.915588,33.924557,0.041994,0.003589,0.973514,-0.224708,-480.400055,779.476868,40.991016,0.014519,-0.008879,0.931070,-0.364443,-315.133575,853.212952,956.789856
67,0.279167,-0.023491,0.001727,-0.957667,0.286912,-200.822632,948.923584,33.916458,0.042007,0.003575,0.973516,-0.224700,-480.398438,779.476685,40.986382,0.014531,-0.008923,0.931075,-0.364430,-315.124603,853.183411,956.794006
68,0.283333,-0.023434,0.001767,-0.957673,0.286898,-200.829208,948.918396,33.918636,0.042002,0.003590,0.973516,-0.224699,-480.398834,779.474670,40.986061,0.014562,-0.008921,0.931083,-0.364409,-315.105988,853.156921,956.788757
69,0.287500,-0.023455,0.001711,-0.957678,0.286880,-200.825516,948.914673,33.919224,0.042060,0.003572,0.973515,-0.224693,-480.398590,779.475159,40.989635,0.014553,-0.008925,0.931095,-0.364378,-315.096558,853.151794,956.782837
70,0.291667,-0.023445,0.001788,-0.957671,0.286904,-200.826248,948.911682,33.922207,0.042087,0.003585,0.973514,-0.224692,-480.398010,779.476013,40.985523,0.014599,-0.008909,0.931101,-0.364360,-315.088898,853.136597,956.767090
71,0.295833,-0.023398,0.001802,-0.957676,0.286892,-200.823517,948.905823,33.919056,0.042027,0.003573,0.973514,-0.224704,-480.398956,779.471252,40.987274,0.014501,-0.008974,0.931110,-0.364341,-315.075470,853.105530,956.787659
72,0.300000,-0.023400,0.001817,-0.957675,0.286895,-200.818863,948.912292,33.917896,0.042035,0.003574,0.973515,-0.224696,-480.398193,779.470154,40.983028,0.014565,-0.008965,0.931101,-0.364361,-315.068481,853.093323,956.770325
73,0.304167,-0.023400,0.001818,-0.957668,0.286915,-200.826920,948.912781,33.919456,0.042038,0.003577,0.973510,-0.224720,-480.397430,779.470825,40.987427,0.014521,-0.008988,0.931116,-0.364324,-315.054626,853.069641,956.780029
74,0.308333,-0.023461,0.001775,-0.957672,0.286900,-200.822006,948.911926,33.917641,0.042068,0.003572,0.973513,-0.224698,-480.394745,779.470947,40.984592,0.014502,-0.008993,0.931126,-0.364297,-315.046875,853.057617,956.780762
75,0.312500,-0.023377,0.001862,-0.957674,0.286900,-200.829697,948.908813,33.920158,0.042018,0.003564,0.973519,-0.224683,-480.397552,779.465149,40.986336,0.014557,-0.008980,0.931126,-0.364297,-315.028351,853.045593,956.779358
76,0.316667,-0.023456,0.001785,-0.957681,0.286868,-200.828537,948.909485,33.929550,0.042036,0.003544,0.973513,-0.224707,-480.399323,779.466797,40.988701,0.014577,-0.009002,0.931115,-0.364322,-315.014862,853.025757,956.767883
77,0.320833,-0.023334,0.001893,-0.957679,0.286886,-200.823151,948.913757,33.926884,0.042046,0.003572,0.973519,-0.224677,-480.399963,779.461914,40.988258,0.014550,-0.009016,0.931125,-0.364298,-314.999969,852.990479,956.771667
78,0.325000,-0.023363,0.001856,-0.957667,0.286924,-200.819870,948.915527,33.918083,0.041991,0.003565,0.973521,-0.224681,-480.400635,779.464539,40.990189,0.014592,-0.009042,0.931118,-0.364313,-314.990051,852.978088,956.765930
79,0.329167,-0.023319,0.001835,-0.957672,0.286909,-200.823624,948.913635,33.920662,0.042007,0.003563,0.973515,-0.224701,-480.396027,779.464600,40.987045,0.014501,-0.009063,0.931126,-0.364297,-314.974335,852.958130,956.780762
80,0.333333,-0.023332,0.001834,-0.957667,0.286927,-200.825897,948.911621,33.917564,0.042047,0.003564,0.973519,-0.224679,-480.399048,779.467102,40.988922,0.014595,-0.009082,0.931142,-0.364252,-314.942993,852.953064,956.764648
81,0.337500,-0.023372,0.001858,-0.957678,0.286884,-200.834030,948.905762,33.924171,0.042046,0.003566,0.973515,-0.224695,-480.397888,779.468140,40.990677,0.014594,-0.009073,0.931143,-0.364248,-314.932953,852.931641,956.768799
82,0.341667,-0.023368,0.001861,-0.957672,0.286905,-200.825043,948.904297,33.920975,0.042060,0.003552,0.973516,-0.224689,-480.395386,779.465210,40.981964,0.014577,-0.009104,0.931136,-0.364267,-314.924835,852.926819,956.774902
83,0.345833,-0.023433,0.001802,-0.957675,0.286891,-200.830887,948.909973,33.929859,0.042065,0.003540,0.973514,-0.224696,-480.394348,779.466553,40.990143,0.014628,-0.009096,0.931132,-0.364274,-314.910614,852.915344,956.762878
84,0.350000,-0.023398,0.001802,-0.957668,0.286918,-200.824539,948.911682,33.914513,0.042026,0.003556,0.973516,-0.224697,-480.395508,779.472229,40.991447,0.014666,-0.009112,0.931135,-0.364266,-314.890930,852.913208,956.758240
85,0.354167,-0.023364,0.001851,-0.957674,0.286898,-200.825836,948.911865,33.918240,0.042038,0.003542,0.973516,-0.224691,-480.394958,779.469849,40.989876,0.014673,-0.009117,0.931138,-0.364259,-314.873810,852.902466,956.750549
86,0.358333,-0.023423,0.001843,-0.957671,0.286905,-200.825500,948.916504,33.914455,0.042069,0.003563,0.973514,-0.224695,-480.396851,779.467529,40.991940,0.014334,-0.009378,0.931155,-0.364222,-314.867828,852.748718,956.879578
87,0.362500,-0.023416,0.001789,-0.957669,0.286912,-200.833099,948.910645,33.923893,0.042066,0.003573,0.973514,-0.224694,-480.396423,779.468750,40.992142,0.014632,-0.009239,0.931159,-0.364202,-314.822998,852.851501,956.769775
88,0.366667,-0.023398,0.001826,-0.957662,0.286938,-200.827484,948.909607,33.924362,0.042076,0.003551,0.973516,-0.224685,-480.392609,779.466736,40.989044,0.014432,-0.009372,0.931195,-0.364116,-314.813934,852.720093,956.859558
89,0.370833,-0.023342,0.001813,-0.957667,0.286926,-200.834549,948.899841,33.920433,0.042097,0.003548,0.973519,-0.224669,-480.394226,779.465210,40.992218,0.014464,-0.009396,0.931217,-0.364056,-314.779022,852.696899,956.860840
90,0.375000,-0.023402,0.001835,-0.957667,0.286918,-200.828415,948.907471,33.922668,0.042086,0.003527,0.973521,-0.224663,-480.390015,779.470398,40.993740,0.014563,-0.009400,0.931230,-0.364020,-314.752960,852.701233,956.837219
91,0.379167,-0.023387,0.001819,-0.957664,0.286931,-200.829010,948.903198,33.919884,0.042050,0.003524,0.973519,-0.224678,-480.390808,779.469482,40.995377,0.014527,-0.009404,0.931252,-0.363964,-314.724030,852.686646,956.847290
92,0.383333,-0.023385,0.001816,-0.957660,0.286945,-200.829300,948.902954,33.918266,0.042119,0.003542,0.973517,-0.224675,-480.388214,779.470215,40.992847,0.014566,-0.009413,0.931271,-0.363915,-314.708679,852.672058,956.837341
93,0.387500,-0.023398,0.001825,-0.957663,0.286933,-200.829926,948.898804,33.918045,0.042133,0.003536,0.973516,-0.224676,-480.385651,779.468506,40.991402,0.014607,-0.009391,0.931273,-0.363907,-314.689728,852.672241,956.820984
94,0.391667,-0.023385,0.001801,-0.957671,0.286909,-200.834030,948.899597,33.925468,0.042122,0.003536,0.973518,-0.224667,-480.387665,779.469543,40.990772,0.014554,-0.009433,0.931279,-0.363892,-314.680023,852.665222,956.834473
95,0.395833,-0.023386,0.001823,-0.957669,0.286915,-200.829498,948.898499,33.920467,0.042156,0.003526,0.973514,-0.224680,-480.384216,779.469727,40.986488,0.014606,-0.009367,0.931269,-0.363920,-314.666595,852.656616,956.821594
96,0.400000,-0.023349,0.001858,-0.957662,0.286941,-200.833206,948.894104,33.919987,0.042140,0.003542,0.973521,-0.224652,-480.384979,779.469055,40.986179,0.014559,-0.009412,0.931271,-0.363914,-314.664886,852.631104,956.839478
97,0.404167,-0.023280,0.001918,-0.957669,0.286922,-200.833771,948.896179,33.926003,0.042161,0.003515,0.973511,-0.224693,-480.384918,779.466919,40.986362,0.014616,-0.009423,0.931267,-0.363922,-314.657593,852.634399,956.820740
98,0.408333,-0.023303,0.001900,-0.957666,0.286931,-200.832489,948.897522,33.917793,0.042152,0.003523,0.973517,-0.224668,-480.381012,779.465942,40.983559,0.014609,-0.009441,0.931258,-0.363945,-314.648499,852.631042,956.816101
99,0.412500,-0.023354,0.001902,-0.957673,0.286903,-200.833923,948.900879,33.923248,0.042178,0.003548,0.973517,-0.224661,-480.383148,779.467407,40.987259,0.014538,-0.009495,0.931254,-0.363956,-314.647614,852.604370,956.839355
100,0.416667,-0.023351,0.001853,-0.957665,0.286931,-200.833862,948.902100,33.914078,0.042154,0.003526,0.973519,-0.224659,-480.381073,779.463623,40.985859,0.014619,-0.009462,0.931265,-0.363926,-314.633820,852.617615,956.822021
101,0.420833,-0.023281,0.001890,-0.957672,0.286914,-200.833542,948.897095,33.916714,0.042211,0.003519,0.973513,-0.224673,-480.379486,779.464966,40.982121,0.014833,-0.009352,0.931233,-0.364002,-314.622162,852.698547,956.735413
102,0.425000,-0.023338,0.001848,-0.957675,0.286897,-200.839020,948.891052,33.927521,0.042170,0.003533,0.973517,-0.224665,-480.381073,779.467224,40.978806,0.014573,-0.009477,0.931254,-0.363956,-314.625000,852.583313,956.824524
103,0.429167,-0.023351,0.001864,-0.957666,0.286927,-200.831177,948.897766,33.919342,0.042190,0.003540,0.973521,-0.224645,-480.379517,779.466675,40.983860,0.014595,-0.009461,0.931268,-0.363920,-314.621704,852.578857,956.818726
104,0.433333,-0.023335,0.001860,-0.957664,0.286936,-200.831619,948.902039,33.917141,0.042171,0.003507,0.973518,-0.224660,-480.378174,779.468201,40.982395,0.014542,-0.009512,0.931283,-0.363883,-314.611572,852.553040,956.827881
105,0.437500,-0.023266,0.001892,-0.957676,0.286902,-200.833725,948.901245,33.911869,0.042205,0.003522,0.973512,-0.224681,-480.375885,779.469421,40.977463,0.014601,-0.009492,0.931288,-0.363868,-314.598663,852.557251,956.815918
106,0.441667,-0.023320,0.001896,-0.957670,0.286915,-200.832718,948.900452,33.921627,0.042138,0.003504,0.973519,-0.224661,-480.379639,779.466675,40.980072,0.014612,-0.009533,0.931294,-0.363851,-314.589722,852.550232,956.819336
107,0.445833,-0.023380,0.001814,-0.957669,0.286914,-200.835953,948.898804,33.914623,0.042171,0.003529,0.973521,-0.224646,-480.375092,779.468872,40.980434,0.014629,-0.009514,0.931306,-0.363819,-314.577789,852.535767,956.814026
108,0.450000,-0.023350,0.001840,-0.957668,0.286921,-200.832245,948.903320,33.911297,0.042174,0.003495,0.973516,-0.224667,-480.374207,779.467651,40.978638,0.014629,-0.009508,0.931319,-0.363787,-314.566467,852.528503,956.801697
109,0.454167,-0.023363,0.001819,-0.957674,0.286899,-200.832306,948.902100,33.922230,0.042199,0.003528,0.973518,-0.224654,-480.373810,779.465576,40.979897,0.014664,-0.009482,0.931324,-0.363773,-314.560669,852.528198,956.794739
110,0.458333,-0.023395,0.001873,-0.957669,0.286912,-200.831360,948.895142,33.927719,0.042170,0.003517,0.973520,-0.224651,-480.374969,779.471558,40.980721,0.014600,-0.009544,0.931334,-0.363748,-314.556946,852.519287,956.805237
111,0.462500,-0.023344,0.001888,-0.957675,0.286898,-200.830048,948.897522,33.922024,0.042189,0.003502,0.973522,-0.224641,-480.372833,779.472168,40.978703,0.014654,-0.009521,0.931331,-0.363755,-314.550415,852.514282,956.787415
112,0.466667,-0.023384,0.001810,-0.957677,0.286890,-200.832291,948.895874,33.919193,0.042178,0.003522,0.973522,-0.224640,-480.374176,779.468628,40.977669,0.014681,-0.009487,0.931346,-0.363716,-314.544708,852.510071,956.783325
113,0.470833,-0.023457,0.001808,-0.957670,0.286907,-200.824112,948.892883,33.917324,0.042229,0.003528,0.973515,-0.224662,-480.373322,779.475891,40.977669,0.014668,-0.009486,0.931345,-0.363719,-314.542114,852.498657,956.788513
114,0.475000,-0.023389,0.001870,-0.957675,0.286895,-200.830627,948.898193,33.925507,0.042224,0.003513,0.973518,-0.224650,-480.373413,779.473267,40.973602,0.014628,-0.009535,0.931360,-0.363680,-314.542938,852.493958,956.793762
115,0.479167,-0.023379,0.001875,-0.957677,0.286887,-200.826691,948.896729,33.918758,0.042239,0.003503,0.973516,-0.224657,-480.370605,779.473083,40.973511,0.014632,-0.009543,0.931367,-0.363662,-314.543335,852.477966,956.785645
116,0.483333,-0.023469,0.001781,-0.957670,0.286904,-200.829468,948.892761,33.916733,0.042198,0.003498,0.973519,-0.224651,-480.371582,779.476379,40.974949,0.014664,-0.009503,0.931378,-0.363634,-314.529968,852.471985,956.778015
117,0.487500,-0.023429,0.001884,-0.957674,0.286893,-200.829559,948.892395,33.924324,0.042226,0.003489,0.973520,-0.224643,-480.370544,779.473938,40.974857,0.014699,-0.009508,0.931381,-0.363626,-314.521973,852.474609,956.772644
118,0.491667,-0.023408,0.001793,-0.957668,0.286916,-200.830582,948.894531,33.920742,0.042239,0.003534,0.973518,-0.224646,-480.371857,779.472534,40.975510,0.014671,-0.009520,0.931393,-0.363595,-314.517181,852.449280,956.770569
119,0.495833,-0.023401,0.001861,-0.957669,0.286914,-200.832718,948.895020,33.922337,0.042207,0.003500,0.973520,-0.224645,-480.372131,779.472351,40.971710,0.014682,-0.009529,0.931412,-0.363546,-314.507050,852.455994,956.772827
120,0.500000,-0.023448,0.001768,-0.957668,0.286913,-200.833069,948.896606,33.919022,0.042217,0.003520,0.973523,-0.224631,-480.370209,779.473145,40.975464,0.014677,-0.009523,0.931421,-0.363523,-314.502472,852.437744,956.766357
121,0.504167,-0.023463,0.001813,-0.957676,0.286885,-200.833023,948.897522,33.920132,0.042192,0.003518,0.973525,-0.224625,-480.372314,779.470703,40.974079,0.014666,-0.009575,0.931437,-0.363481,-314.499023,852.433350,956.764221
122,0.508333,-0.023378,0.001864,-0.957680,0.286879,-200.834305,948.901733,33.916782,0.042216,0.003503,0.973521,-0.224639,-480.370728,779.473694,40.971176,0.014695,-0.009537,0.931451,-0.363444,-314.487305,852.427551,956.760071
123,0.512500,-0.023400,0.001846,-0.957676,0.286888,-200.835678,948.899780,33.918743,0.042255,0.003513,0.973520,-0.224633,-480.368256,779.474060,40.970642,0.015026,-0.009395,0.931418,-0.363520,-314.477203,852.539368,956.663513
124,0.516667,-0.023413,0.001857,-0.957680,0.286876,-200.836533,948.897522,33.920612,0.042182,0.003512,0.973521,-0.224646,-480.372803,779.474365,40.974773,0.014972,-0.009413,0.931422,-0.363510,-314.482269,852.530823,956.664856
125,0.520833,-0.023408,0.001828,-0.957672,0.286904,-200.831696,948.897705,33.924259,0.042172,0.003480,0.973522,-0.224641,-480.370758,779.472168,40.973171,0.014946,-0.009397,0.931426,-0.363504,-314.488373,852.529480,956.661377
126,0.525000,-0.023361,0.001831,-0.957679,0.286882,-200.830093,948.901855,33.923325,0.042213,0.003521,0.973525,-0.224620,-480.371063,779.472168,40.971169,0.014914,-0.009504,0.931426,-0.363502,-314.489716,852.515503,956.677307
127,0.529167,-0.023454,0.001811,-0.957680,0.286871,-200.833908,948.898010,33.920887,0.042249,0.003524,0.973522,-0.224629,-480.370422,779.472839,40.976288,0.014943,-0.009432,0.931437,-0.363473,-314.485901,852.517883,956.667603
128,0.533333,-0.023433,0.001799,-0.957684,0.286862,-200.830765,948.898193,33.917561,0.042209,0.003506,0.973527,-0.224613,-480.369965,779.472229,40.977768,0.014941,-0.009501,0.931445,-0.363450,-314.484650,852.505066,956.669006
129,0.537500,-0.023432,0.001796,-0.957680,0.286874,-200.831116,948.891479,33.918686,0.042254,0.003498,0.973524,-0.224617,-480.369873,779.472412,40.976749,0.014943,-0.009573,0.931453,-0.363429,-314.484985,852.489502,956.677124
130,0.541667,-0.023376,0.001804,-0.957680,0.286878,-200.834091,948.898865,33.918442,0.042250,0.003501,0.973521,-0.224633,-480.373352,779.473389,40.979271,0.014994,-0.009516,0.931466,-0.363395,-314.478943,852.489136,956.670471
131,0.545833,-0.023494,0.001765,-0.957682,0.286864,-200.827545,948.893494,33.923588,0.042202,0.003511,0.973524,-0.224628,-480.370117,779.474243,40.979828,0.014989,-0.009531,0.931493,-0.363325,-314.465424,852.476990,956.668762
132,0.550000,-0.023528,0.001752,-0.957684,0.286854,-200.828476,948.893555,33.926567,0.042196,0.003529,0.973523,-0.224633,-480.376587,779.469788,40.984131,0.014984,-0.009548,0.931516,-0.363266,-314.465363,852.474670,956.669128
133,0.554167,-0.023477,0.001770,-0.957685,0.286853,-200.827072,948.896484,33.927757,0.042194,0.003536,0.973525,-0.224627,-480.379395,779.468445,40.981144,0.015000,-0.009587,0.931530,-0.363229,-314.458130,852.468018,956.666321
134,0.558333,-0.023445,0.001773,-0.957679,0.286877,-200.824768,948.900391,33.923138,0.042208,0.003530,0.973523,-0.224632,-480.374695,779.472534,40.983265,0.015074,-0.009575,0.931531,-0.363223,-314.454224,852.457947,956.664001
135,0.562500,-0.023494,0.001744,-0.957679,0.286873,-200.824417,948.900513,33.923183,0.042223,0.003519,0.973523,-0.224630,-480.374420,779.471008,40.981281,0.015042,-0.009605,0.931552,-0.363170,-314.445038,852.455383,956.662170
136,0.566667,-0.023530,0.001756,-0.957693,0.286824,-200.828201,948.899597,33.922417,0.042207,0.003548,0.973525,-0.224621,-480.378815,779.469421,40.980885,0.015063,-0.009586,0.931565,-0.363135,-314.444183,852.452637,956.651367
137,0.570833,-0.023552,0.001646,-0.957688,0.286839,-200.828873,948.901489,33.925285,0.042193,0.003548,0.973519,-0.224650,-480.379852,779.469910,40.985138,0.015110,-0.009618,0.931575,-0.363108,-314.441925,852.451721,956.644897
138,0.575000,-0.023536,0.001707,-0.957679,0.286869,-200.826736,948.901001,33.924191,0.042186,0.003540,0.973518,-0.224657,-480.383026,779.469299,40.991306,0.015099,-0.009625,0.931584,-0.363085,-314.440491,852.448608,956.653503
139,0.579167,-0.023598,0.001687,-0.957679,0.286866,-200.823212,948.897034,33.926056,0.042159,0.003547,0.973518,-0.224660,-480.379395,779.469666,40.984993,0.015044,-0.009608,0.931605,-0.363033,-314.471191,852.448975,956.646973
140,0.583333,-0.023604,0.001662,-0.957680,0.286860,-200.823837,948.895935,33.926559,0.042164,0.003557,0.973523,-0.224641,-480.384277,779.466553,40.986729,0.015036,-0.009679,0.931607,-0.363027,-314.470947,852.437866,956.646729
141,0.587500,-0.023576,0.001696,-0.957684,0.286849,-200.824844,948.901428,33.921642,0.042157,0.003547,0.973518,-0.224662,-480.387634,779.466797,40.986851,0.015020,-0.009667,0.931619,-0.362997,-314.474335,852.438232,956.655212
142,0.591667,-0.023582,0.001723,-0.957686,0.286841,-200.825928,948.904236,33.925014,0.042119,0.003555,0.973516,-0.224676,-480.387573,779.468994,40.988968,0.015066,-0.009632,0.931624,-0.362984,-314.474396,852.446228,956.641235
143,0.595833,-0.023660,0.001652,-0.957690,0.286824,-200.827286,948.898376,33.918747,0.042142,0.003555,0.973514,-0.224683,-480.389069,779.465454,40.987225,0.015075,-0.009690,0.931637,-0.362948,-314.473328,852.430969,956.642822
144,0.600000,-0.023587,0.001643,-0.957681,0.286860,-200.822464,948.903503,33.920364,0.042133,0.003547,0.973515,-0.224679,-480.390564,779.461243,40.990398,0.015035,-0.009710,0.931653,-0.362908,-314.473022,852.431885,956.651978
145,0.604167,-0.023597,0.001681,-0.957692,0.286821,-200.822495,948.900452,33.928082,0.042106,0.003570,0.973521,-0.224656,-480.391327,779.464600,40.985981,0.015041,-0.009713,0.931665,-0.362878,-314.467896,852.426514,956.648804
146,0.608333,-0.023627,0.001621,-0.957688,0.286833,-200.820084,948.902100,33.919056,0.042159,0.003565,0.973514,-0.224677,-480.393311,779.464844,40.984425,0.014746,-0.009900,0.931714,-0.362758,-314.484039,852.294678,956.755615
147,0.612500,-0.023628,0.001666,-0.957691,0.286823,-200.822433,948.902222,33.922680,0.042137,0.003548,0.973515,-0.224679,-480.393097,779.465027,40.981853,0.015101,-0.009727,0.931706,-0.362769,-314.446594,852.425110,956.639099
148,0.616667,-0.023609,0.001683,-0.957691,0.286825,-200.820557,948.901855,33.919636,0.042118,0.003570,0.973518,-0.224668,-480.389496,779.468506,40.981823,0.014733,-0.009934,0.931755,-0.362652,-314.456360,852.288391,956.752014
149,0.620833,-0.023608,0.001636,-0.957694,0.286813,-200.824036,948.908203,33.927448,0.042066,0.003560,0.973520,-0.224668,-480.393036,779.472473,40.983223,0.015139,-0.009765,0.931748,-0.362658,-314.427704,852.419128,956.639893
150,0.625000,-0.023579,0.001652,-0.957690,0.286828,-200.819977,948.907959,33.925716,0.042115,0.003575,0.973525,-0.224642,-480.389282,779.468506,40.980755,0.015147,-0.009765,0.931758,-0.362634,-314.426483,852.423523,956.634277
151,0.629167,-0.023653,0.001596,-0.957692,0.286818,-200.815018,948.914978,33.928432,0.042081,0.003559,0.973519,-0.224672,-480.392273,779.471680,40.981289,0.015168,-0.009766,0.931762,-0.362622,-314.427948,852.432739,956.630920
152,0.633333,-0.023644,0.001588,-0.957697,0.286801,-200.820770,948.912292,33.921581,0.042117,0.003571,0.973518,-0.224668,-480.388000,779.473328,40.982788,0.015119,-0.009779,0.931774,-0.362593,-314.428192,852.418823,956.636841
153,0.637500,-0.023605,0.001615,-0.957697,0.286803,-200.818909,948.913879,33.922302,0.042093,0.003569,0.973515,-0.224688,-480.386169,779.472778,40.978535,0.014756,-0.010009,0.931819,-0.362485,-314.454651,852.282349,956.754883
154,0.641667,-0.023639,0.001589,-0.957696,0.286805,-200.820831,948.909241,33.922333,0.042085,0.003568,0.973518,-0.224676,-480.387756,779.475830,40.982117,0.014824,-0.009962,0.931838,-0.362434,-314.438049,852.294739,956.746460
155,0.645833,-0.023695,0.001533,-0.957689,0.286823,-200.816513,948.913818,33.928967,0.042119,0.003578,0.973518,-0.224670,-480.390533,779.473145,40.980083,0.014818,-0.009983,0.931862,-0.362373,-314.424622,852.272339,956.751953
156,0.650000,-0.023674,0.001582,-0.957694,0.286809,-200.816162,948.912903,33.925396,0.042084,0.003577,0.973521,-0.224663,-480.390472,779.468506,40.982414,0.014865,-0.009962,0.931894,-0.362290,-314.408020,852.268555,956.746704
157,0.654167,-0.023692,0.001549,-0.957702,0.286781,-200.816696,948.906006,33.928997,0.042119,0.003561,0.973520,-0.224661,-480.389008,779.471069,40.980328,0.014890,-0.009985,0.931917,-0.362227,-314.399780,852.283325,956.744141
158,0.658333,-0.023686,0.001554,-0.957694,0.286808,-200.817795,948.909424,33.935726,0.042080,0.003570,0.973519,-0.224672,-480.391815,779.476929,40.982887,0.014925,-0.009971,0.931930,-0.362194,-314.387421,852.281433,956.736023
159,0.662500,-0.023684,0.001560,-0.957697,0.286799,-200.815475,948.906616,33.931744,0.042069,0.003589,0.973518,-0.224677,-480.388519,779.470276,40.983963,0.014915,-0.009952,0.931956,-0.362127,-314.383759,852.280090,956.736267
160,0.666667,-0.023661,0.001525,-0.957694,0.286810,-200.810516,948.910828,33.936501,0.042064,0.003567,0.973518,-0.224677,-480.385468,779.474365,40.983994,0.014879,-0.010002,0.931971,-0.362089,-314.379456,852.259033,956.749451
161,0.670833,-0.023761,0.001527,-0.957701,0.286779,-200.818268,948.904663,33.935524,0.042098,0.003570,0.973516,-0.224682,-480.387024,779.471741,40.981541,0.014899,-0.009953,0.931989,-0.362044,-314.375641,852.277771,956.733704
162,0.675000,-0.023780,0.001487,-0.957704,0.286767,-200.815125,948.912354,33.937344,0.042041,0.003579,0.973519,-0.224677,-480.389435,779.471985,40.986546,0.014887,-0.009993,0.931999,-0.362018,-314.373108,852.270752,956.745911
163,0.679167,-0.023785,0.001515,-0.957707,0.286755,-200.817078,948.906677,33.932110,0.042044,0.003600,0.973519,-0.224679,-480.388092,779.475220,40.983719,0.015286,-0.009850,0.931950,-0.362131,-314.350555,852.429688,956.617065
164,0.683333,-0.023741,0.001561,-0.957703,0.286773,-200.817230,948.914185,33.930794,0.042040,0.003594,0.973518,-0.224682,-480.391998,779.475220,40.984383,0.014892,-0.010051,0.931998,-0.362017,-314.383026,852.273499,956.742920
165,0.687500,-0.023799,0.001481,-0.957698,0.286785,-200.817902,948.919678,33.926872,0.042103,0.003604,0.973519,-0.224666,-480.387634,779.473389,40.981060,0.014910,-0.010038,0.932006,-0.361998,-314.376495,852.282166,956.735962
166,0.691667,-0.023769,0.001473,-0.957704,0.286768,-200.819763,948.913330,33.932209,0.042068,0.003597,0.973525,-0.224648,-480.389130,779.473145,40.981514,0.014901,-0.010088,0.932015,-0.361973,-314.371033,852.284302,956.737427
167,0.695833,-0.023770,0.001484,-0.957702,0.286774,-200.814529,948.917114,33.929195,0.042083,0.003603,0.973520,-0.224666,-480.390808,779.474060,40.983032,0.014859,-0.010123,0.932032,-0.361928,-314.364777,852.272339,956.750366
168,0.700000,-0.023817,0.001432,-0.957706,0.286758,-200.812363,948.907532,33.935532,0.042068,0.003597,0.973517,-0.224684,-480.389893,779.475891,40.983910,0.014853,-0.010115,0.932049,-0.361885,-314.350159,852.267761,956.742188
169,0.704167,-0.023856,0.001456,-0.957701,0.286770,-200.812729,948.911865,33.932644,0.042098,0.003603,0.973517,-0.224677,-480.391479,779.476257,40.980350,0.014941,-0.010097,0.932053,-0.361873,-314.346680,852.281860,956.729248
170,0.708333,-0.023812,0.001460,-0.957707,0.286754,-200.812881,948.909241,33.936905,0.042090,0.003569,0.973513,-0.224695,-480.391296,779.471558,40.981693,0.015002,-0.010127,0.932051,-0.361874,-314.337799,852.276306,956.728638
171,0.712500,-0.023822,0.001429,-0.957696,0.286789,-200.811707,948.910278,33.927856,0.042111,0.003593,0.973510,-0.224705,-480.389984,779.474304,40.976906,0.015276,-0.010004,0.932017,-0.361953,-314.318512,852.428711,956.612305
172,0.716667,-0.023852,0.001432,-0.957709,0.286744,-200.813156,948.915161,33.938419,0.042099,0.003608,0.973512,-0.224699,-480.395111,779.471497,40.981827,0.014872,-0.010206,0.932056,-0.361864,-314.342102,852.267944,956.735901
173,0.720833,-0.023813,0.001428,-0.957706,0.286758,-200.815369,948.917236,33.925838,0.042049,0.003605,0.973512,-0.224705,-480.396057,779.472595,40.984531,0.014909,-0.010245,0.932050,-0.361877,-314.340088,852.269470,956.738953
174,0.725000,-0.023744,0.001450,-0.957707,0.286761,-200.810425,948.923401,33.927425,0.042039,0.003611,0.973516,-0.224694,-480.398407,779.468689,40.981056,0.015372,-0.010058,0.932008,-0.361972,-314.306549,852.410828,956.604004
175,0.729167,-0.023800,0.001417,-0.957699,0.286781,-200.810471,948.920227,33.923267,0.042079,0.003588,0.973512,-0.224703,-480.399139,779.467712,40.980705,0.014977,-0.010268,0.932044,-0.361890,-314.330139,852.273621,956.715515
176,0.733333,-0.023839,0.001405,-0.957703,0.286767,-200.817001,948.918030,33.926395,0.042071,0.003618,0.973514,-0.224693,-480.402191,779.469849,40.982590,0.015000,-0.010180,0.932066,-0.361834,-314.295837,852.252869,956.691101
177,0.737500,-0.023825,0.001439,-0.957698,0.286783,-200.811722,948.925171,33.928432,0.042089,0.003619,0.973510,-0.224709,-480.403442,779.469727,40.986053,0.015046,-0.010189,0.932068,-0.361827,-314.281494,852.239014,956.681641
178,0.741667,-0.023901,0.001365,-0.957700,0.286772,-200.813354,948.924255,33.932095,0.042057,0.003621,0.973511,-0.224712,-480.406616,779.471069,40.984348,0.015048,-0.010240,0.932075,-0.361808,-314.267609,852.231628,956.682922
179,0.745833,-0.023868,0.001340,-0.957700,0.286772,-200.811035,948.922974,33.937263,0.042023,0.003639,0.973513,-0.224705,-480.406677,779.466980,40.985909,0.015049,-0.010295,0.932088,-0.361772,-314.251862,852.220093,956.681580
180,0.750000,-0.023879,0.001355,-0.957698,0.286778,-200.815414,948.920715,33.927628,0.042018,0.003613,0.973516,-0.224696,-480.405670,779.467712,40.987057,0.015120,-0.010324,0.932089,-0.361767,-314.236542,852.214294,956.681213
181,0.754167,-0.023885,0.001392,-0.957704,0.286759,-200.813232,948.919739,33.935211,0.042012,0.003613,0.973513,-0.224711,-480.401947,779.472473,40.985588,0.015206,-0.010258,0.932094,-0.361753,-314.212646,852.220215,956.659729
182,0.758333,-0.023846,0.001410,-0.957699,0.286778,-200.815079,948.924622,33.936134,0.042041,0.003646,0.973513,-0.224703,-480.408569,779.471313,40.987602,0.015073,-0.010343,0.932115,-0.361701,-314.216248,852.197083,956.685486
183,0.762500,-0.023866,0.001401,-0.957699,0.286778,-200.816208,948.920837,33.935940,0.042004,0.003603,0.973514,-0.224707,-480.406738,779.469421,40.983845,0.015077,-0.010444,0.932099,-0.361738,-314.211609,852.174072,956.697083
184,0.766667,-0.023873,0.001369,-0.957705,0.286757,-200.820465,948.922546,33.937344,0.042023,0.003616,0.973515,-0.224698,-480.406403,779.466675,40.982697,0.015031,-0.010530,0.932097,-0.361744,-314.202972,852.157043,956.714050
185,0.770833,-0.023865,0.001393,-0.957700,0.286773,-200.812378,948.923462,33.930630,0.042029,0.003596,0.973513,-0.224707,-480.403015,779.474915,40.981174,0.015148,-0.010565,0.932097,-0.361738,-314.192108,852.172302,956.686462
186,0.775000,-0.023821,0.001419,-0.957698,0.286782,-200.815582,948.922302,33.938339,0.042035,0.003596,0.973508,-0.224726,-480.406250,779.477234,40.989014,0.015163,-0.010572,0.932106,-0.361712,-314.181732,852.166077,956.683533
187,0.779167,-0.023869,0.001381,-0.957699,0.286776,-200.812912,948.931946,33.935913,0.041985,0.003619,0.973517,-0.224697,-480.406677,779.471802,40.988144,0.015156,-0.010591,0.932107,-0.361711,-314.168945,852.154480,956.688843
188,0.783333,-0.023820,0.001393,-0.957699,0.286782,-200.813187,948.929688,33.932362,0.042017,0.003599,0.973513,-0.224709,-480.404938,779.472046,40.983677,0.015211,-0.010608,0.932107,-0.361707,-314.153107,852.155457,956.677979
189,0.787500,-0.023814,0.001423,-0.957698,0.286786,-200.812027,948.927551,33.938705,0.042014,0.003617,0.973516,-0.224695,-480.400879,779.474915,40.986397,0.015269,-0.010626,0.932107,-0.361705,-314.143951,852.156738,956.673035
190,0.791667,-0.023856,0.001383,-0.957696,0.286789,-200.811981,948.922668,33.937752,0.042006,0.003613,0.973515,-0.224701,-480.406769,779.472351,40.984241,0.015233,-0.010637,0.932122,-0.361668,-314.130554,852.140259,956.677124
191,0.795833,-0.023828,0.001425,-0.957699,0.286781,-200.814240,948.927124,33.941666,0.042069,0.003628,0.973511,-0.224709,-480.409607,779.475708,40.987679,0.015303,-0.010660,0.932118,-0.361675,-314.122345,852.133911,956.662415
192,0.800000,-0.023856,0.001393,-0.957692,0.286801,-200.813324,948.925415,33.942238,0.042074,0.003590,0.973514,-0.224692,-480.404419,779.474670,40.981071,0.015255,-0.010654,0.932134,-0.361636,-314.104309,852.124329,956.671387
193,0.804167,-0.023859,0.001383,-0.957700,0.286775,-200.819763,948.930054,33.951241,0.042055,0.003602,0.973516,-0.224691,-480.401672,779.473694,40.983604,0.015333,-0.010623,0.932133,-0.361637,-314.091461,852.117798,956.653381
194,0.808333,-0.023883,0.001412,-0.957698,0.286779,-200.809891,948.929443,33.941437,0.042037,0.003606,0.973513,-0.224704,-480.401428,779.475342,40.985428,0.015236,-0.010699,0.932157,-0.361575,-314.082458,852.109863,956.677856
195,0.812500,-0.023852,0.001435,-0.957699,0.286777,-200.813705,948.928894,33.942787,0.042013,0.003597,0.973513,-0.224710,-480.399719,779.474976,40.987530,0.015265,-0.010684,0.932154,-0.361581,-314.067993,852.091492,956.668091
196,0.816667,-0.023932,0.001390,-0.957694,0.286788,-200.811569,948.925293,33.942738,0.042074,0.003625,0.973518,-0.224676,-480.400360,779.472961,40.981323,0.015276,-0.010715,0.932161,-0.361564,-314.052429,852.103821,956.667114
197,0.820833,-0.023934,0.001369,-0.957697,0.286779,-200.813156,948.920593,33.941772,0.042041,0.003587,0.973516,-0.224692,-480.398590,779.475525,40.982910,0.015317,-0.010691,0.932173,-0.361531,-314.039032,852.099365,956.651855
198,0.825000,-0.023869,0.001445,-0.957700,0.286773,-200.812546,948.923950,33.940964,0.042099,0.003606,0.973509,-0.224710,-480.396698,779.477051,40.979839,0.015261,-0.010699,0.932191,-0.361486,-314.022186,852.078369,956.662842
199,0.829167,-0.023822,0.001425,-0.957699,0.286780,-200.813278,948.921936,33.944210,0.042121,0.003599,0.973511,-0.224697,-480.396576,779.470947,40.980991,0.015212,-0.010719,0.932201,-0.361463,-314.011475,852.059998,956.674988
200,0.833333,-0.023751,0.001453,-0.957690,0.286816,-200.816132,948.924438,33.939499,0.042089,0.003613,0.973515,-0.224686,-480.398712,779.474854,40.980518,0.015301,-0.010652,0.932213,-0.361431,-313.992981,852.076477,956.646790
201,0.837500,-0.023868,0.001384,-0.957686,0.286821,-200.818192,948.923889,33.939972,0.042138,0.003597,0.973511,-0.224693,-480.398163,779.469360,40.979618,0.015275,-0.010689,0.932197,-0.361471,-313.981079,852.056091,956.654297
202,0.841667,-0.023807,0.001453,-0.957685,0.286829,-200.818207,948.923828,33.944710,0.042112,0.003587,0.973509,-0.224706,-480.398407,779.470581,40.981003,0.015239,-0.010711,0.932217,-0.361421,-313.966309,852.036987,956.657715
203,0.845833,-0.023809,0.001451,-0.957697,0.286789,-200.818924,948.926086,33.934116,0.042076,0.003581,0.973514,-0.224693,-480.397491,779.473450,40.985592,0.015251,-0.010721,0.932223,-0.361403,-313.948486,852.043457,956.660706
204,0.850000,-0.023770,0.001498,-0.957697,0.286791,-200.817261,948.923584,33.934586,0.042152,0.003582,0.973514,-0.224681,-480.396637,779.470886,40.974720,0.015259,-0.010682,0.932239,-0.361364,-313.937012,852.039917,956.643372
205,0.854167,-0.023832,0.001440,-0.957694,0.286797,-200.823395,948.923645,33.941505,0.042162,0.003614,0.973514,-0.224676,-480.392029,779.466064,40.974472,0.015266,-0.010676,0.932234,-0.361377,-313.922607,852.029480,956.641663
206,0.858333,-0.023796,0.001460,-0.957691,0.286808,-200.820435,948.920410,33.946194,0.042110,0.003582,0.973513,-0.224692,-480.390869,779.466248,40.975113,0.015263,-0.010695,0.932246,-0.361344,-313.908691,852.016663,956.643677
207,0.862500,-0.023793,0.001509,-0.957685,0.286828,-200.819626,948.919556,33.944630,0.042134,0.003576,0.973516,-0.224672,-480.392731,779.464294,40.978931,0.015286,-0.010647,0.932256,-0.361320,-313.885986,852.018738,956.635193
208,0.866667,-0.023829,0.001429,-0.957684,0.286832,-200.818451,948.917908,33.932919,0.042178,0.003568,0.973512,-0.224682,-480.391479,779.465454,40.979122,0.015243,-0.010706,0.932250,-0.361335,-313.880554,851.998596,956.649780
209,0.870833,-0.023739,0.001562,-0.957693,0.286806,-200.821564,948.924316,33.936836,0.042199,0.003586,0.973511,-0.224684,-480.390930,779.461365,40.977913,0.015226,-0.010707,0.932260,-0.361311,-313.859467,851.994019,956.651672
210,0.875000,-0.023796,0.001485,-0.957693,0.286803,-200.822479,948.912964,33.943523,0.042214,0.003575,0.973512,-0.224675,-480.388336,779.460266,40.978352,0.015241,-0.010665,0.932270,-0.361285,-313.846466,851.983337,956.648193
211,0.879167,-0.023804,0.001483,-0.957691,0.286808,-200.827881,948.910889,33.949009,0.042193,0.003561,0.973509,-0.224693,-480.387878,779.459900,40.977016,0.015219,-0.010580,0.932325,-0.361146,-313.799744,851.986389,956.633057
212,0.883333,-0.023770,0.001484,-0.957687,0.286824,-200.818085,948.909363,33.941525,0.042238,0.003563,0.973510,-0.224679,-480.391541,779.459351,40.974010,0.015267,-0.010472,0.932348,-0.361088,-313.754730,851.980408,956.604797
213,0.887500,-0.023748,0.001522,-0.957688,0.286822,-200.820831,948.913818,33.934326,0.042219,0.003552,0.973510,-0.224686,-480.389221,779.462219,40.973160,0.015248,-0.010506,0.932361,-0.361053,-313.746643,851.988892,956.618530
214,0.891667,-0.023805,0.001487,-0.957687,0.286820,-200.819504,948.914368,33.933571,0.042220,0.003533,0.973512,-0.224674,-480.388000,779.461731,40.977646,0.015311,-0.010446,0.932377,-0.361012,-313.705017,851.974915,956.596313
215,0.895833,-0.023827,0.001513,-0.957683,0.286833,-200.823105,948.913818,33.934689,0.042234,0.003547,0.973520,-0.224640,-480.385956,779.463928,40.973915,0.015299,-0.010408,0.932387,-0.360988,-313.673981,851.977478,956.588806
216,0.900000,-0.023822,0.001522,-0.957677,0.286854,-200.817703,948.915710,33.937813,0.042275,0.003536,0.973511,-0.224668,-480.383240,779.461609,40.971451,0.015303,-0.010397,0.932406,-0.360938,-313.648682,851.985107,956.582336
217,0.904167,-0.023806,0.001549,-0.957679,0.286849,-200.816788,948.912781,33.943630,0.042289,0.003533,0.973513,-0.224659,-480.382263,779.464539,40.970345,0.015264,-0.010414,0.932423,-0.360897,-313.625916,851.963135,956.602722
218,0.908333,-0.023751,0.001586,-0.957685,0.286833,-200.816849,948.911011,33.940727,0.042298,0.003543,0.973519,-0.224629,-480.379547,779.462219,40.964153,0.015334,-0.010342,0.932438,-0.360856,-313.596466,851.969482,956.572937
219,0.912500,-0.023787,0.001568,-0.957681,0.286844,-200.818817,948.903992,33.943752,0.042324,0.003514,0.973512,-0.224658,-480.377441,779.460327,40.968704,0.015291,-0.010380,0.932448,-0.360830,-313.576569,851.959778,956.582397
220,0.916667,-0.023843,0.001515,-0.957681,0.286839,-200.819046,948.902344,33.937889,0.042312,0.003508,0.973519,-0.224629,-480.373993,779.462463,40.968315,0.015291,-0.010354,0.932461,-0.360797,-313.553192,851.934875,956.591003
221,0.920833,-0.023817,0.001523,-0.957686,0.286825,-200.814789,948.904053,33.946861,0.042338,0.003492,0.973516,-0.224639,-480.376770,779.462585,40.970409,0.015323,-0.010342,0.932473,-0.360766,-313.531067,851.958435,956.576904
222,0.925000,-0.023808,0.001558,-0.957682,0.286838,-200.810608,948.905029,33.942501,0.042370,0.003504,0.973518,-0.224622,-480.375549,779.457886,40.968838,0.015213,-0.010375,0.932489,-0.360729,-313.505859,851.940735,956.591309
223,0.929167,-0.023798,0.001590,-0.957684,0.286831,-200.813004,948.912781,33.942047,0.042402,0.003477,0.973513,-0.224636,-480.370422,779.460388,40.969044,0.015290,-0.010343,0.932491,-0.360722,-313.483826,851.937073,956.580811
224,0.933333,-0.023804,0.001568,-0.957687,0.286821,-200.815659,948.900818,33.950085,0.042417,0.003482,0.973511,-0.224645,-480.369568,779.456238,40.968307,0.015327,-0.010344,0.932502,-0.360692,-313.458862,851.938110,956.576050
225,0.937500,-0.023814,0.001565,-0.957679,0.286848,-200.811768,948.907654,33.941570,0.042407,0.003518,0.973514,-0.224634,-480.368927,779.450989,40.969429,0.015262,-0.010324,0.932528,-0.360628,-313.432404,851.935486,956.577209
226,0.941667,-0.023785,0.001527,-0.957681,0.286843,-200.811783,948.908203,33.933708,0.042425,0.003498,0.973513,-0.224633,-480.366364,779.450012,40.964493,0.015255,-0.010366,0.932535,-0.360610,-313.417328,851.925598,956.583618
227,0.945833,-0.023767,0.001558,-0.957673,0.286870,-200.813614,948.905457,33.931889,0.042454,0.003483,0.973514,-0.224624,-480.361725,779.449463,40.962250,0.015269,-0.010342,0.932532,-0.360616,-313.379120,851.928040,956.575745
228,0.950000,-0.023756,0.001537,-0.957676,0.286861,-200.812393,948.910645,33.937550,0.042486,0.003496,0.973513,-0.224621,-480.362976,779.450317,40.961166,0.015243,-0.010360,0.932549,-0.360573,-313.360016,851.920288,956.588257
229,0.954167,-0.023785,0.001581,-0.957676,0.286862,-200.814301,948.897400,33.945801,0.042485,0.003486,0.973510,-0.224634,-480.364136,779.442078,40.964115,0.015210,-0.010350,0.932560,-0.360547,-313.336060,851.922363,956.593872
230,0.958333,-0.023766,0.001614,-0.957677,0.286857,-200.813095,948.901917,33.937603,0.042496,0.003453,0.973509,-0.224639,-480.361816,779.442261,40.964722,0.015182,-0.010349,0.932568,-0.360527,-313.308563,851.917603,956.587036
231,0.962500,-0.023791,0.001528,-0.957676,0.286859,-200.810760,948.902161,33.945755,0.042535,0.003479,0.973510,-0.224626,-480.360168,779.442505,40.957546,0.015248,-0.010361,0.932582,-0.360487,-313.290070,851.919312,956.576782
232,0.966667,-0.023712,0.001653,-0.957674,0.286873,-200.813889,948.898376,33.942211,0.042587,0.003491,0.973507,-0.224627,-480.358185,779.439209,40.958687,0.015255,-0.010315,0.932582,-0.360488,-313.264252,851.926514,956.569092
233,0.970833,-0.023767,0.001596,-0.957674,0.286867,-200.810486,948.901062,33.943695,0.042574,0.003480,0.973504,-0.224645,-480.359589,779.437439,40.962608,0.015122,-0.010786,0.932573,-0.360502,-313.266602,851.940918,956.671387
234,0.975000,-0.023763,0.001638,-0.957680,0.286849,-200.816803,948.894897,33.943951,0.042587,0.003450,0.973497,-0.224671,-480.359161,779.440796,40.955292,0.015122,-0.010791,0.932580,-0.360485,-313.238098,851.936829,956.664551
235,0.979167,-0.023728,0.001638,-0.957668,0.286891,-200.810776,948.900635,33.944580,0.042606,0.003454,0.973498,-0.224667,-480.354950,779.438782,40.951096,0.015097,-0.010789,0.932583,-0.360478,-313.215271,851.940186,956.669556
236,0.983333,-0.023789,0.001602,-0.957672,0.286872,-200.813797,948.897034,33.939869,0.042638,0.003435,0.973494,-0.224678,-480.356384,779.434692,40.949451,0.015187,-0.010754,0.932583,-0.360475,-313.182953,851.949036,956.652588
237,0.987500,-0.023780,0.001613,-0.957667,0.286891,-200.810760,948.900879,33.949299,0.042613,0.003448,0.973491,-0.224696,-480.352966,779.431946,40.948196,0.015102,-0.010718,0.932597,-0.360443,-313.159149,851.948975,956.655334
238,0.991667,-0.023805,0.001595,-0.957657,0.286920,-200.809036,948.896729,33.946033,0.042598,0.003460,0.973494,-0.224686,-480.357483,779.431335,40.955853,0.015045,-0.010732,0.932602,-0.360433,-313.136841,851.943359,956.661621
239,0.995833,-0.023746,0.001625,-0.957670,0.286883,-200.810211,948.894653,33.948498,0.042618,0.003441,0.973480,-0.224743,-480.356964,779.427734,40.949734,0.015030,-0.010706,0.932607,-0.360422,-313.107788,851.962463,956.665771
240,1.000000,-0.023798,0.001626,-0.957657,0.286922,-200.815948,948.894104,33.948063,0.042626,0.003441,0.973475,-0.224760,-480.354095,779.427917,40.942867,0.015052,-0.010696,0.932607,-0.360421,-313.081512,851.981628,956.666016
241,1.004167,-0.023757,0.001571,-0.957669,0.286887,-200.818054,948.893433,33.952858,0.042623,0.003478,0.973470,-0.224783,-480.357269,779.421875,40.941071,0.015001,-0.010723,0.932601,-0.360437,-313.060516,851.979553,956.684387
242,1.008333,-0.023761,0.001663,-0.957658,0.286920,-200.815460,948.888977,33.953442,0.042657,0.003475,0.973460,-0.224820,-480.362427,779.423035,40.938892,0.015055,-0.010716,0.932598,-0.360445,-313.035736,852.011780,956.679199
243,1.012500,-0.023724,0.001648,-0.957663,0.286906,-200.815552,948.886841,33.948818,0.042611,0.003478,0.973458,-0.224839,-480.366211,779.415344,40.938644,0.015009,-0.010778,0.932585,-0.360476,-313.006470,852.017395,956.697205
244,1.016667,-0.023767,0.001659,-0.957654,0.286934,-200.817993,948.879944,33.957867,0.042583,0.003476,0.973444,-0.224905,-480.371521,779.416260,40.933468,0.015056,-0.010751,0.932569,-0.360519,-312.972931,852.027283,956.693298
245,1.020833,-0.023718,0.001730,-0.957661,0.286915,-200.819122,948.879639,33.960514,0.042519,0.003454,0.973430,-0.224976,-480.379791,779.410706,40.932041,0.015020,-0.010883,0.932557,-0.360546,-312.943817,852.054810,956.706909
246,1.025000,-0.023741,0.001664,-0.957657,0.286927,-200.820465,948.879028,33.968803,0.042549,0.003500,0.973428,-0.224979,-480.384094,779.402771,40.924229,0.015004,-0.010897,0.932549,-0.360566,-312.917999,852.060242,956.728882
247,1.029167,-0.023722,0.001665,-0.957636,0.286999,-200.815613,948.872925,33.964645,0.042514,0.003527,0.973422,-0.225011,-480.391235,779.399109,40.924820,0.014955,-0.010952,0.932549,-0.360567,-312.881622,852.078430,956.739868
248,1.033333,-0.023831,0.001669,-0.957634,0.286997,-200.815491,948.866333,33.969414,0.042408,0.003510,0.973412,-0.225073,-480.395599,779.394775,40.920219,0.014933,-0.010990,0.932553,-0.360557,-312.845428,852.116333,956.745728
249,1.037500,-0.023777,0.001748,-0.957643,0.286969,-200.809097,948.862793,33.976665,0.042413,0.003532,0.973398,-0.225133,-480.400757,779.387634,40.916771,0.014933,-0.011040,0.932539,-0.360591,-312.805328,852.144775,956.750366
250,1.041667,-0.023732,0.001794,-0.957644,0.286971,-200.810974,948.857605,33.976292,0.042342,0.003550,0.973386,-0.225197,-480.412384,779.380127,40.914127,0.014969,-0.010970,0.932549,-0.360566,-312.744019,852.151672,956.721375
251,1.045833,-0.023778,0.001768,-0.957633,0.287003,-200.816055,948.853149,33.985176,0.042265,0.003528,0.973375,-0.225260,-480.423035,779.378601,40.910194,0.014981,-0.010957,0.932546,-0.360573,-312.711487,852.201782,956.713379
252,1.050000,-0.023718,0.001785,-0.957630,0.287018,-200.815186,948.859192,33.989712,0.042224,0.003543,0.973361,-0.225327,-480.431183,779.371887,40.902603,0.014915,-0.011048,0.932555,-0.360549,-312.673248,852.226746,956.738281
253,1.054167,-0.023701,0.001789,-0.957634,0.287005,-200.816971,948.859375,33.984653,0.042176,0.003576,0.973353,-0.225370,-480.441833,779.373230,40.901886,0.014895,-0.010974,0.932577,-0.360497,-312.616608,852.268433,956.729919
254,1.058333,-0.023783,0.001728,-0.957630,0.287013,-200.821045,948.856812,33.989147,0.042120,0.003576,0.973340,-0.225440,-480.450104,779.364624,40.895065,0.014924,-0.010977,0.932587,-0.360469,-312.563507,852.316650,956.716064
255,1.062500,-0.023708,0.001843,-0.957617,0.287062,-200.819244,948.858521,33.990341,0.042026,0.003586,0.973324,-0.225525,-480.462891,779.355103,40.893093,0.014868,-0.011048,0.932604,-0.360426,-312.506683,852.353455,956.730286
256,1.066667,-0.023726,0.001860,-0.957625,0.287034,-200.818573,948.851929,33.989029,0.041985,0.003616,0.973317,-0.225564,-480.469330,779.350830,40.888298,0.014848,-0.011092,0.932604,-0.360425,-312.453491,852.392822,956.741821
257,1.070833,-0.023718,0.001892,-0.957628,0.287023,-200.812988,948.848511,34.011761,0.041884,0.003623,0.973297,-0.225669,-480.480133,779.347473,40.884270,0.014856,-0.011099,0.932614,-0.360398,-312.397339,852.453979,956.737427
258,1.075000,-0.023853,0.001872,-0.957618,0.287047,-200.811874,948.842285,34.012619,0.041778,0.003629,0.973286,-0.225736,-480.496002,779.337830,40.881668,0.014821,-0.011128,0.932641,-0.360328,-312.336426,852.493530,956.750610
259,1.079167,-0.023721,0.001977,-0.957613,0.287074,-200.811096,948.833984,34.014317,0.041733,0.003646,0.973274,-0.225795,-480.508240,779.328186,40.875454,0.014802,-0.011179,0.932660,-0.360279,-312.274261,852.554504,956.746643
260,1.083333,-0.023801,0.001931,-0.957603,0.287100,-200.809448,948.827820,34.023232,0.041652,0.003654,0.973250,-0.225910,-480.519714,779.324768,40.874802,0.014797,-0.011194,0.932695,-0.360188,-312.208130,852.599182,956.758301
261,1.087500,-0.023756,0.001972,-0.957596,0.287125,-200.812943,948.827820,34.025818,0.041550,0.003668,0.973245,-0.225952,-480.528198,779.319519,40.869774,0.014789,-0.011252,0.932729,-0.360100,-312.131012,852.633118,956.765259
262,1.091667,-0.023753,0.001976,-0.957591,0.287142,-200.810928,948.825989,34.026169,0.041516,0.003691,0.973228,-0.226031,-480.546143,779.308838,40.868412,0.014760,-0.011255,0.932818,-0.359870,-312.034485,852.707642,956.769287
263,1.095833,-0.023726,0.002042,-0.957596,0.287130,-200.803711,948.820496,34.028759,0.041425,0.003678,0.973213,-0.226114,-480.556732,779.306458,40.868343,0.014799,-0.011287,0.932865,-0.359746,-311.949585,852.767090,956.766296
264,1.100000,-0.023753,0.002049,-0.957590,0.287147,-200.800186,948.828491,34.036629,0.041358,0.003701,0.973200,-0.226179,-480.568329,779.298584,40.860573,0.014795,-0.011485,0.932920,-0.359595,-311.860443,852.825195,956.799744
265,1.104167,-0.023743,0.002020,-0.957582,0.287174,-200.793869,948.824707,34.034534,0.041362,0.003725,0.973188,-0.226230,-480.576111,779.289612,40.851650,0.014732,-0.011768,0.932983,-0.359427,-311.778442,852.893372,956.850952
266,1.108333,-0.023827,0.002004,-0.957579,0.287178,-200.796967,948.815063,34.041824,0.041297,0.003743,0.973176,-0.226294,-480.587524,779.281433,40.852024,0.014761,-0.011821,0.933027,-0.359309,-311.706787,852.979919,956.852661
267,1.112500,-0.023821,0.001964,-0.957577,0.287183,-200.799515,948.819153,34.041607,0.041250,0.003734,0.973162,-0.226364,-480.594696,779.278931,40.851212,0.014726,-0.011802,0.933105,-0.359110,-311.613922,853.057007,956.867188
268,1.116667,-0.023833,0.002004,-0.957576,0.287188,-200.796707,948.813782,34.043728,0.041237,0.003737,0.973149,-0.226421,-480.603485,779.278259,40.847282,0.014692,-0.011765,0.933165,-0.358956,-311.535919,853.135803,956.879944
269,1.120833,-0.023808,0.002038,-0.957569,0.287212,-200.794128,948.817017,34.053646,0.041224,0.003721,0.973136,-0.226479,-480.607117,779.269531,40.839851,0.014700,-0.011826,0.933220,-0.358809,-311.455109,853.242981,956.880310
270,1.125000,-0.023821,0.002092,-0.957565,0.287224,-200.791336,948.811890,34.056271,0.041201,0.003783,0.973133,-0.226496,-480.618134,779.260742,40.839108,0.014596,-0.011948,0.933290,-0.358627,-311.370819,853.303772,956.905823
271,1.129167,-0.023788,0.002157,-0.957557,0.287252,-200.788116,948.804016,34.066631,0.041084,0.003768,0.973124,-0.226555,-480.619598,779.259583,40.839046,0.014735,-0.011816,0.933344,-0.358485,-311.277649,853.407959,956.890686
272,1.133333,-0.023877,0.002095,-0.957546,0.287281,-200.783981,948.804993,34.062771,0.041124,0.003726,0.973113,-0.226595,-480.627075,779.252136,40.828743,0.014693,-0.011869,0.933408,-0.358319,-311.201050,853.494751,956.914185
273,1.137500,-0.023880,0.002108,-0.957549,0.287272,-200.780991,948.795410,34.065166,0.041138,0.003760,0.973101,-0.226646,-480.629364,779.251038,40.828403,0.014676,-0.012020,0.933474,-0.358143,-311.113098,853.594055,956.945190
274,1.141667,-0.023856,0.002179,-0.957543,0.287293,-200.778137,948.796997,34.072319,0.041125,0.003765,0.973095,-0.226673,-480.634308,779.243896,40.829056,0.014763,-0.012026,0.933610,-0.357784,-311.000977,853.737366,956.967957
275,1.145833,-0.023892,0.002207,-0.957537,0.287311,-200.777954,948.794189,34.075466,0.041175,0.003750,0.973090,-0.226684,-480.633850,779.236877,40.820225,0.014774,-0.012509,0.933680,-0.357585,-310.916412,853.961731,956.996643
276,1.150000,-0.023908,0.002240,-0.957539,0.287301,-200.772644,948.783997,34.086071,0.041168,0.003746,0.973084,-0.226715,-480.633759,779.233948,40.818954,0.014780,-0.012605,0.933773,-0.357337,-310.815430,854.097290,957.011353
277,1.154167,-0.023989,0.002202,-0.957530,0.287327,-200.773865,948.776611,34.087528,0.041131,0.003742,0.973086,-0.226711,-480.631409,779.233337,40.815746,0.014756,-0.012637,0.933872,-0.357081,-310.715729,854.215637,957.051697
278,1.158333,-0.023995,0.002224,-0.957516,0.287372,-200.770630,948.772461,34.090034,0.041171,0.003722,0.973071,-0.226769,-480.631134,779.229675,40.809498,0.014718,-0.012772,0.933952,-0.356866,-310.616821,854.334106,957.093140
279,1.162500,-0.023974,0.002295,-0.957506,0.287407,-200.771484,948.771423,34.098003,0.041144,0.003738,0.973073,-0.226766,-480.628632,779.229492,40.811749,0.014675,-0.012829,0.934037,-0.356645,-310.505157,854.460754,957.105957
280,1.166667,-0.023905,0.002358,-0.957503,0.287420,-200.762955,948.774597,34.097950,0.041205,0.003730,0.973060,-0.226809,-480.630524,779.225281,40.806034,0.014691,-0.012897,0.934121,-0.356420,-310.406555,854.598694,957.116089
281,1.170833,-0.024004,0.002293,-0.957499,0.287427,-200.761703,948.765991,34.103874,0.041194,0.003757,0.973057,-0.226824,-480.629578,779.220886,40.801842,0.014720,-0.012901,0.934268,-0.356034,-310.275299,854.763794,957.126648
282,1.175000,-0.024103,0.002377,-0.957497,0.287426,-200.764252,948.759399,34.098461,0.041245,0.003739,0.973047,-0.226856,-480.628601,779.218384,40.796867,0.014732,-0.013391,0.934339,-0.355828,-310.164429,854.920776,957.189880
283,1.179167,-0.024007,0.002406,-0.957489,0.287460,-200.757187,948.764221,34.115593,0.041215,0.003696,0.973041,-0.226891,-480.630737,779.215637,40.799305,0.014738,-0.013515,0.934459,-0.355509,-310.026764,855.065125,957.211060
284,1.183333,-0.024211,0.002282,-0.957473,0.287496,-200.758301,948.764771,34.103302,0.041270,0.003719,0.973033,-0.226914,-480.631226,779.211853,40.798798,0.014799,-0.013594,0.934571,-0.355208,-309.894684,855.254578,957.210571
285,1.187500,-0.024265,0.002255,-0.957466,0.287517,-200.757660,948.770691,34.103554,0.041245,0.003723,0.973031,-0.226925,-480.627838,779.206421,40.801373,0.014814,-0.013584,0.934719,-0.354819,-309.731079,855.445984,957.201233
286,1.191667,-0.024211,0.002262,-0.957476,0.287488,-200.750336,948.775085,34.128647,0.041294,0.003736,0.973024,-0.226945,-480.626587,779.202698,40.795448,0.014869,-0.013697,0.934822,-0.354542,-309.588409,855.619385,957.206482
287,1.195833,-0.024368,0.002266,-0.957457,0.287535,-200.748383,948.766663,34.118950,0.041298,0.003722,0.973020,-0.226962,-480.625092,779.197144,40.798874,0.014884,-0.013629,0.935010,-0.354046,-309.414337,855.852356,957.186523
288,1.200000,-0.024370,0.002259,-0.957464,0.287513,-200.748703,948.764343,34.115074,0.041315,0.003758,0.973019,-0.226966,-480.623505,779.190125,40.800854,0.014887,-0.014106,0.935124,-0.353726,-309.272888,855.993958,957.291992
289,1.204167,-0.024303,0.002272,-0.957457,0.287543,-200.738861,948.769104,34.137775,0.041360,0.003722,0.973010,-0.226998,-480.621979,779.185425,40.801258,0.014892,-0.014198,0.935267,-0.353344,-309.120361,856.178467,957.323608
290,1.208333,-0.024463,0.002226,-0.957448,0.287558,-200.741547,948.764099,34.125889,0.041425,0.003720,0.973006,-0.227002,-480.620636,779.181396,40.802692,0.014970,-0.014121,0.935413,-0.352958,-308.952271,856.373291,957.329102
291,1.212500,-0.024494,0.002169,-0.957453,0.287541,-200.736710,948.767273,34.122322,0.041422,0.003715,0.972998,-0.227038,-480.618439,779.176636,40.806366,0.014947,-0.014207,0.935536,-0.352630,-308.792999,856.590332,957.364197
292,1.216667,-0.024577,0.002151,-0.957448,0.287550,-200.733734,948.771301,34.130714,0.041450,0.003717,0.972995,-0.227042,-480.614349,779.171387,40.800941,0.015024,-0.014138,0.935712,-0.352161,-308.598999,856.815491,957.363159
293,1.220833,-0.024575,0.002226,-0.957442,0.287568,-200.722610,948.774963,34.133102,0.041466,0.003703,0.972986,-0.227079,-480.613373,779.168884,40.802174,0.015092,-0.014472,0.935869,-0.351728,-308.431732,857.039490,957.432556
294,1.225000,-0.024634,0.002190,-0.957437,0.287582,-200.726364,948.781128,34.131981,0.041530,0.003704,0.972982,-0.227085,-480.607971,779.165588,40.802711,0.015151,-0.014437,0.936009,-0.351354,-308.245148,857.240417,957.452942
295,1.229167,-0.024732,0.002112,-0.957435,0.287579,-200.719513,948.785217,34.129562,0.041546,0.003687,0.972981,-0.227087,-480.606262,779.159058,40.808456,0.015221,-0.014233,0.936167,-0.350938,-308.062836,857.439575,957.460632
296,1.233333,-0.024809,0.001993,-0.957441,0.287554,-200.739990,948.894104,34.073616,0.041557,0.003671,0.972978,-0.227100,-480.602631,779.153503,40.810833,0.015306,-0.014020,0.936325,-0.350520,-307.884674,857.649780,957.449951
297,1.237500,-0.024922,0.001934,-0.957443,0.287539,-200.740524,948.891663,34.075375,0.041682,0.003677,0.972971,-0.227104,-480.598969,779.153198,40.802231,0.015369,-0.013945,0.936516,-0.350010,-307.701569,857.932922,957.452881
298,1.241667,-0.025056,0.001827,-0.957439,0.287540,-200.724152,948.904114,34.067192,0.041651,0.003673,0.972973,-0.227100,-480.598389,779.151733,40.803024,0.015449,-0.014283,0.936657,-0.349615,-307.528961,858.165833,957.524353
299,1.245833,-0.025015,0.001912,-0.957446,0.287521,-200.708298,948.857971,34.100212,0.041657,0.003673,0.972974,-0.227098,-480.593842,779.151062,40.803818,0.015474,-0.014183,0.936811,-0.349205,-307.342194,858.446106,957.498474
300,1.250000,-0.025121,0.001919,-0.957439,0.287534,-200.697067,948.818604,34.127899,0.041662,0.003655,0.972967,-0.227125,-480.586517,779.152039,40.804790,0.015555,-0.014033,0.936996,-0.348712,-307.148834,858.742981,957.476013
301,1.254167,-0.025130,0.002014,-0.957450,0.287497,-200.690247,948.774597,34.147789,0.041759,0.003662,0.972965,-0.227116,-480.585022,779.148071,40.802757,0.015616,-0.014184,0.937162,-0.348257,-306.968414,859.039856,957.524109
302,1.258333,-0.025139,0.001988,-0.957449,0.287500,-200.678452,948.776733,34.150257,0.041731,0.003638,0.972964,-0.227128,-480.582825,779.151428,40.805592,0.015670,-0.014365,0.937341,-0.347765,-306.783905,859.344482,957.564087
303,1.262500,-0.025301,0.001920,-0.957460,0.287449,-200.675049,948.788086,34.140865,0.041769,0.003636,0.972968,-0.227103,-480.577362,779.143005,40.805336,0.015721,-0.014456,0.937475,-0.347397,-306.624390,859.627014,957.580139
304,1.266667,-0.025467,0.001763,-0.957466,0.287413,-200.671463,948.814697,34.136833,0.041817,0.003616,0.972964,-0.227112,-480.573914,779.147766,40.806229,0.015794,-0.014434,0.937637,-0.346957,-306.451447,859.925598,957.581055
305,1.270833,-0.025531,0.001577,-0.957468,0.287403,-200.689835,948.948242,34.064293,0.041826,0.003626,0.972973,-0.227069,-480.569183,779.145386,40.806282,0.015922,-0.014614,0.937832,-0.346417,-306.248413,860.204773,957.626831
306,1.275000,-0.025528,0.001544,-0.957465,0.287413,-200.687790,948.965698,34.063019,0.041826,0.003612,0.972973,-0.227071,-480.563080,779.141296,40.802387,0.016016,-0.014923,0.938004,-0.345934,-306.050476,860.468994,957.674133
307,1.279167,-0.025720,0.001460,-0.957459,0.287417,-200.672836,948.917053,34.088272,0.041899,0.003621,0.972970,-0.227070,-480.561829,779.138977,40.805763,0.016130,-0.014795,0.938202,-0.345396,-305.840729,860.757629,957.653687
308,1.283333,-0.025669,0.001581,-0.957467,0.287394,-200.654266,948.873840,34.125080,0.041983,0.003620,0.972970,-0.227055,-480.557373,779.136047,40.800785,0.016243,-0.015188,0.938376,-0.344899,-305.636169,861.108154,957.628174
309,1.287500,-0.025779,0.001473,-0.957482,0.287336,-200.647705,948.859375,34.131420,0.041936,0.003576,0.972970,-0.227066,-480.557617,779.136292,40.805248,0.016430,-0.015471,0.938612,-0.344237,-305.406769,861.444275,957.668213
310,1.291667,-0.025864,0.001381,-0.957492,0.287294,-200.642715,948.864685,34.134533,0.041954,0.003598,0.972973,-0.227047,-480.552795,779.132935,40.807632,0.016557,-0.015372,0.938890,-0.343475,-305.165283,861.740417,957.668274
311,1.295833,-0.025971,0.001333,-0.957477,0.287334,-200.634857,948.883911,34.119774,0.042006,0.003569,0.972965,-0.227071,-480.553131,779.134460,40.804523,0.016645,-0.015246,0.939185,-0.342670,-304.911377,862.071289,957.636414
312,1.300000,-0.026174,0.001131,-0.957477,0.287316,-200.654221,949.005859,34.052917,0.042033,0.003565,0.972966,-0.227062,-480.551727,779.133301,40.808044,0.016722,-0.015056,0.939507,-0.341789,-304.670410,862.435364,957.698792
313,1.304167,-0.026203,0.001155,-0.957497,0.287247,-200.646393,948.962585,34.078766,0.042018,0.003549,0.972968,-0.227057,-480.547272,779.125793,40.813927,0.016783,-0.015137,0.939734,-0.341160,-304.464508,862.777771,957.694031
314,1.308333,-0.026363,0.001110,-0.957482,0.287285,-200.624023,948.929199,34.106487,0.042061,0.003545,0.972967,-0.227052,-480.543274,779.128418,40.814358,0.016882,-0.015277,0.939998,-0.340419,-304.196533,863.176025,957.591187
315,1.312500,-0.026493,0.000876,-0.957498,0.287220,-200.641632,949.027466,34.050671,0.042116,0.003564,0.972970,-0.227032,-480.541931,779.125549,40.813137,0.016907,-0.015778,0.940216,-0.339793,-303.973724,863.465088,957.703918
316,1.316667,-0.026508,0.000924,-0.957506,0.287192,-200.626144,948.987305,34.073383,0.042129,0.003573,0.972975,-0.227007,-480.539459,779.118225,40.818840,0.016962,-0.015779,0.940441,-0.339166,-303.756470,863.822998,957.692383
317,1.320833,-0.026569,0.000894,-0.957510,0.287173,-200.608582,948.950317,34.107494,0.042167,0.003558,0.972976,-0.226997,-480.532654,779.118042,40.809345,0.017031,-0.015865,0.940698,-0.338446,-303.534912,864.219727,957.713135
318,1.325000,-0.026653,0.000893,-0.957509,0.287168,-200.599808,948.914612,34.117489,0.042229,0.003561,0.972973,-0.226995,-480.531158,779.117249,40.813538,0.017278,-0.016246,0.940962,-0.337680,-303.288788,864.577026,957.784241
319,1.329167,-0.026802,0.000753,-0.957518,0.287126,-200.597076,948.934082,34.122002,0.042286,0.003568,0.972977,-0.226969,-480.528351,779.112183,40.818626,0.017521,-0.016255,0.941227,-0.336928,-303.030945,864.916077,957.799988
320,1.333333,-0.026916,0.000602,-0.957513,0.287130,-200.598251,948.951599,34.107315,0.042288,0.003528,0.972974,-0.226980,-480.523376,779.111938,40.823021,0.017641,-0.016172,0.941531,-0.336077,-302.761292,865.278137,957.804443
321,1.337500,-0.026974,0.000588,-0.957528,0.287077,-200.596741,948.971375,34.095798,0.042272,0.003561,0.972985,-0.226938,-480.519775,779.112244,40.828743,0.017777,-0.016385,0.941830,-0.335218,-302.491943,865.611816,957.854248
322,1.341667,-0.027134,0.000453,-0.957519,0.287090,-200.590714,948.978271,34.089802,0.042367,0.003564,0.972982,-0.226931,-480.515381,779.112061,40.827099,0.018125,-0.016315,0.941994,-0.334742,-302.313660,866.002502,957.806702
323,1.345833,-0.027210,0.000379,-0.957523,0.287068,-200.584213,948.988159,34.091957,0.042381,0.003539,0.972990,-0.226897,-480.510956,779.113525,40.831692,0.018212,-0.016299,0.942313,-0.333841,-302.043182,866.394775,957.805359
324,1.350000,-0.027335,0.000303,-0.957540,0.287003,-200.578812,948.994202,34.096218,0.042371,0.003515,0.972998,-0.226866,-480.507629,779.111694,40.836205,0.018117,-0.016296,0.942634,-0.332939,-301.841980,866.933228,957.813782
325,1.354167,-0.027410,0.000214,-0.957550,0.286961,-200.566544,949.009949,34.094807,0.042421,0.003564,0.973000,-0.226846,-480.500000,779.107361,40.831665,0.018218,-0.016309,0.942966,-0.331989,-301.570618,867.365540,957.814636
326,1.358333,-0.027651,0.000073,-0.957551,0.286933,-200.565414,949.017517,34.091633,0.042425,0.003557,0.973009,-0.226806,-480.494415,779.107117,40.842072,0.018533,-0.016394,0.943296,-0.331028,-301.313354,867.885437,957.844666
327,1.362500,-0.027703,0.000027,-0.957557,0.286910,-200.554413,949.025146,34.083515,0.042504,0.003524,0.973008,-0.226794,-480.490692,779.107422,40.842945,0.018555,-0.016381,0.943617,-0.330112,-301.054840,868.331421,957.835510
328,1.366667,-0.027918,-0.000128,-0.957562,0.286871,-200.555557,949.026794,34.087902,0.042517,0.003553,0.973009,-0.226788,-480.483490,779.109985,40.848003,0.018696,-0.016642,0.943975,-0.329067,-300.773956,868.804077,957.817627
329,1.370833,-0.027988,-0.000160,-0.957575,0.286823,-200.543442,949.039856,34.084023,0.042617,0.003540,0.973011,-0.226763,-480.481201,779.106201,40.845985,0.018830,-0.016631,0.944357,-0.327961,-300.463257,869.242004,957.796143
330,1.375000,-0.028050,-0.000208,-0.957580,0.286799,-200.537796,949.049683,34.075836,0.042670,0.003516,0.973017,-0.226726,-480.477295,779.108826,40.846924,0.018986,-0.016727,0.944714,-0.326917,-300.179840,869.685486,957.797974
331,1.379167,-0.028176,-0.000313,-0.957585,0.286771,-200.527664,949.065247,34.071972,0.042699,0.003527,0.973020,-0.226708,-480.470520,779.109253,40.851398,0.019050,-0.017121,0.945009,-0.326040,-299.918030,870.095032,957.881714
332,1.383333,-0.028404,-0.000492,-0.957592,0.286724,-200.519501,949.070740,34.070278,0.042754,0.003572,0.973030,-0.226652,-480.466125,779.109009,40.848499,0.019144,-0.017210,0.945381,-0.324950,-299.645935,870.549255,957.876892
333,1.387500,-0.028476,-0.000507,-0.957613,0.286648,-200.513611,949.081970,34.068470,0.042772,0.003571,0.973034,-0.226634,-480.462372,779.109619,40.856152,0.019289,-0.017302,0.945814,-0.323675,-299.288147,870.997864,957.864807
334,1.391667,-0.028630,-0.000628,-0.957612,0.286633,-200.509018,949.091858,34.062145,0.042861,0.003556,0.973035,-0.226612,-480.455414,779.109680,40.855072,0.019404,-0.017129,0.946255,-0.322385,-298.953644,871.477966,957.824951
335,1.395833,-0.028810,-0.000757,-0.957613,0.286612,-200.493073,949.097290,34.065678,0.042880,0.003565,0.973037,-0.226601,-480.447754,779.118896,40.856564,0.019679,-0.017424,0.946598,-0.321345,-298.687012,871.945496,957.866882
336,1.400000,-0.029037,-0.000899,-0.957621,0.286562,-200.485779,949.109314,34.062401,0.042917,0.003572,0.973042,-0.226570,-480.445404,779.118774,40.861240,0.019820,-0.017155,0.947056,-0.319996,-298.357513,872.475037,957.784546
337,1.404167,-0.029080,-0.000906,-0.957631,0.286525,-200.475708,949.124146,34.060104,0.042941,0.003567,0.973049,-0.226537,-480.437744,779.119629,40.868458,0.019830,-0.017367,0.947435,-0.318862,-298.059296,872.975586,957.787842
338,1.408333,-0.029276,-0.001109,-0.957637,0.286484,-200.475677,949.129639,34.053303,0.042936,0.003551,0.973056,-0.226510,-480.435303,779.122009,40.869251,0.020088,-0.017656,0.947853,-0.317584,-297.721100,873.478943,957.803101
339,1.412500,-0.029365,-0.001171,-0.957638,0.286472,-200.462692,949.149231,34.050629,0.042956,0.003557,0.973062,-0.226477,-480.434601,779.125122,40.875511,0.020226,-0.017735,0.948245,-0.316399,-297.411682,873.963013,957.773071
340,1.416667,-0.029627,-0.001372,-0.957639,0.286440,-200.451813,949.154236,34.049961,0.043045,0.003539,0.973066,-0.226444,-480.426666,779.123779,40.886032,0.020386,-0.017895,0.948662,-0.315127,-297.089539,874.483643,957.763123
341,1.420833,-0.029736,-0.001410,-0.957643,0.286415,-200.439575,949.176025,34.038319,0.043066,0.003562,0.973077,-0.226392,-480.421356,779.123657,40.888416,0.020567,-0.017920,0.949038,-0.313980,-296.787354,874.965332,957.771484
342,1.425000,-0.029956,-0.001571,-0.957655,0.286350,-200.433273,949.186890,34.039104,0.043132,0.003545,0.973080,-0.226369,-480.419708,779.126343,40.890675,0.020769,-0.018124,0.949499,-0.312558,-296.440063,875.497375,957.781067
343,1.429167,-0.030166,-0.001762,-0.957662,0.286306,-200.423828,949.198914,34.038208,0.043145,0.003564,0.973087,-0.226336,-480.409393,779.130249,40.894772,0.020890,-0.018311,0.949911,-0.311285,-296.147980,876.024902,957.762512
344,1.433333,-0.030281,-0.001871,-0.957660,0.286298,-200.414993,949.205688,34.027321,0.043190,0.003548,0.973091,-0.226311,-480.406830,779.123291,40.900074,0.020978,-0.018522,0.950387,-0.309807,-295.818878,876.535889,957.776794
345,1.437500,-0.030452,-0.001958,-0.957659,0.286282,-200.403259,949.224976,34.028725,0.043257,0.003566,0.973099,-0.226260,-480.396729,779.129456,40.909355,0.021140,-0.018471,0.950807,-0.308510,-295.502350,877.058350,957.733704
346,1.441667,-0.030662,-0.002098,-0.957667,0.286232,-200.395065,949.235779,34.021904,0.043278,0.003553,0.973113,-0.226196,-480.391144,779.131165,40.914345,0.021276,-0.018620,0.951284,-0.307017,-295.156281,877.604980,957.747925
347,1.445833,-0.030858,-0.002232,-0.957673,0.286191,-200.387299,949.243652,34.016159,0.043339,0.003536,0.973112,-0.226190,-480.384216,779.138000,40.922165,0.021537,-0.018628,0.951706,-0.305688,-294.830414,878.128784,957.751282
348,1.450000,-0.030992,-0.002350,-0.957668,0.286191,-200.376831,949.254211,34.008659,0.043362,0.003531,0.973126,-0.226127,-480.377106,779.143616,40.928406,0.021933,-0.018869,0.952155,-0.304243,-294.491241,878.705811,957.777649
349,1.454167,-0.032047,-0.002476,-0.957747,0.285811,-200.440552,949.182495,33.978508,0.043404,0.003515,0.973130,-0.226103,-480.369293,779.147644,40.932262,0.022194,-0.019195,0.952610,-0.302777,-294.169495,879.269165,957.804810
350,1.458333,-0.033625,-0.003039,-0.957816,0.285392,-200.503998,949.111267,33.913582,0.043410,0.003521,0.973145,-0.226037,-480.363373,779.144958,40.940933,0.022342,-0.019230,0.953080,-0.301280,-293.834534,879.821594,957.755676
351,1.462500,-0.035493,-0.004137,-0.957900,0.284868,-200.569534,949.019287,33.862339,0.043486,0.003515,0.973152,-0.225992,-480.354492,779.143433,40.946907,0.022439,-0.020082,0.953547,-0.299735,-293.555237,880.521851,957.685791
352,1.466667,-0.035899,-0.004359,-0.957916,0.284763,-200.567474,949.026733,33.848816,0.043589,0.003516,0.973158,-0.225945,-480.347046,779.152710,40.949604,0.022557,-0.020272,0.954013,-0.298226,-293.244049,881.091003,957.640015
353,1.470833,-0.035932,-0.004413,-0.957911,0.284772,-200.550369,949.045227,33.848740,0.043602,0.003533,0.973170,-0.225891,-480.341278,779.153381,40.959759,0.022644,-0.020155,0.954569,-0.296445,-292.895050,881.598206,957.741943
354,1.475000,-0.035890,-0.004372,-0.957902,0.284810,-200.539078,949.071655,33.846016,0.043656,0.003509,0.973184,-0.225820,-480.332275,779.154846,40.965473,0.022973,-0.020186,0.955035,-0.294913,-292.588348,882.171875,957.745300
355,1.479167,-0.035989,-0.004431,-0.957902,0.284796,-200.529419,949.084961,33.837975,0.043666,0.003475,0.973191,-0.225789,-480.323700,779.162415,40.978378,0.023115,-0.020516,0.955550,-0.293207,-292.264313,882.770264,957.740417
356,1.483333,-0.036175,-0.004589,-0.957904,0.284763,-200.523346,949.095398,33.832909,0.043484,0.003500,0.973235,-0.225633,-480.330170,779.146912,41.005035,0.023467,-0.021274,0.955991,-0.291682,-292.022461,883.484985,957.678528
357,1.487500,-0.036312,-0.004653,-0.957912,0.284719,-200.515808,949.105164,33.823975,0.043544,0.003482,0.973242,-0.225594,-480.316437,779.152954,41.013111,0.023568,-0.021693,0.956503,-0.289958,-291.713531,884.088135,957.660950
358,1.491667,-0.036552,-0.004804,-0.957911,0.284688,-200.512360,949.110352,33.821022,0.043614,0.003463,0.973256,-0.225520,-480.307495,779.158020,41.031311,0.023723,-0.022062,0.957028,-0.288182,-291.402222,884.710449,957.672241
359,1.495833,-0.036639,-0.004868,-0.957915,0.284661,-200.504425,949.126038,33.819263,0.043723,0.003472,0.973268,-0.225447,-480.284760,779.166443,41.032898,0.023912,-0.021874,0.957588,-0.286312,-291.078522,885.359863,957.586670
360,1.500000,-0.036697,-0.004822,-0.957918,0.284647,-200.491272,949.143555,33.806263,0.043827,0.003453,0.973279,-0.225377,-480.277039,779.170593,41.042362,0.024505,-0.021825,0.958108,-0.284520,-290.738647,885.852966,957.673706
361,1.504167,-0.036844,-0.004964,-0.957928,0.284592,-200.493423,949.148743,33.800079,0.043977,0.003454,0.973292,-0.225291,-480.260620,779.182739,41.048176,0.024724,-0.022416,0.958656,-0.282603,-290.443604,886.496582,957.685852
362,1.508333,-0.037026,-0.005086,-0.957922,0.284584,-200.486542,949.156494,33.801003,0.044103,0.003427,0.973309,-0.225194,-480.247101,779.190918,41.051807,0.024657,-0.022960,0.959235,-0.280593,-290.177094,887.257935,957.556580
363,1.512500,-0.037100,-0.005162,-0.957933,0.284535,-200.477219,949.167297,33.794334,0.044187,0.003439,0.973315,-0.225151,-480.229645,779.199280,41.066101,0.024787,-0.023329,0.959803,-0.278604,-289.890167,887.912842,957.546204
364,1.516667,-0.037239,-0.005321,-0.957931,0.284523,-200.478271,949.174194,33.785728,0.044316,0.003428,0.973324,-0.225086,-480.212006,779.214661,41.074520,0.025100,-0.023380,0.960322,-0.276777,-289.640472,888.532166,957.525208
365,1.520833,-0.037350,-0.005354,-0.957933,0.284502,-200.471878,949.186035,33.779701,0.044371,0.003387,0.973344,-0.224991,-480.199097,779.219666,41.088657,0.025534,-0.023722,0.960882,-0.274756,-289.361969,889.181335,957.559814
366,1.525000,-0.037573,-0.005500,-0.957933,0.284470,-200.465881,949.193542,33.776615,0.044482,0.003376,0.973364,-0.224882,-480.188019,779.228638,41.099567,0.025936,-0.023923,0.961457,-0.272681,-289.099976,889.841370,957.621338
367,1.529167,-0.037719,-0.005581,-0.957949,0.284394,-200.460892,949.196106,33.780823,0.044611,0.003387,0.973376,-0.224806,-480.174286,779.238831,41.107418,0.025730,-0.024652,0.962007,-0.270689,-288.889008,890.603455,957.569214
368,1.533333,-0.037866,-0.005666,-0.957952,0.284362,-200.451553,949.208496,33.772442,0.044696,0.003367,0.973393,-0.224714,-480.163696,779.249756,41.125740,0.027047,-0.021420,0.962768,-0.268120,-288.505463,891.606995,957.017700
369,1.537500,-0.037935,-0.005764,-0.957960,0.284325,-200.438263,949.224731,33.765045,0.044783,0.003346,0.973411,-0.224622,-480.147644,779.259460,41.140274,0.027488,-0.021293,0.963352,-0.265979,-288.269165,892.367920,956.953674
370,1.541667,-0.038047,-0.005829,-0.957958,0.284315,-200.434082,949.242493,33.759144,0.044913,0.003328,0.973419,-0.224561,-480.137848,779.268311,41.149101,0.027815,-0.021041,0.963901,-0.263966,-288.080963,893.115601,956.850830
371,1.545833,-0.038255,-0.005971,-0.957954,0.284297,-200.427170,949.253906,33.761032,0.044895,0.003279,0.973439,-0.224476,-480.120575,779.280823,41.169212,0.028160,-0.021378,0.964496,-0.261719,-287.852600,893.880493,956.870483
372,1.550000,-0.038470,-0.006115,-0.957958,0.284251,-200.420670,949.263855,33.749809,0.045028,0.003292,0.973455,-0.224383,-480.109070,779.290955,41.182518,0.028120,-0.022059,0.965102,-0.259424,-287.620422,894.590027,956.886230
373,1.554167,-0.038609,-0.006230,-0.957978,0.284165,-200.417892,949.271179,33.741482,0.045104,0.003287,0.973469,-0.224306,-480.098663,779.298157,41.195297,0.028561,-0.022043,0.965700,-0.257143,-287.399689,895.323120,956.826538
374,1.558333,-0.038796,-0.006365,-0.957977,0.284138,-200.411926,949.278625,33.734425,0.045130,0.003275,0.973483,-0.224239,-480.090179,779.310669,41.206936,0.028362,-0.022713,0.966320,-0.254764,-287.231201,896.054871,956.888672
375,1.562500,-0.038898,-0.006486,-0.957986,0.284092,-200.405502,949.293762,33.726250,0.045145,0.003247,0.973500,-0.224165,-480.077362,779.322083,41.224510,0.028530,-0.022909,0.966924,-0.252425,-287.039948,896.785034,956.885010
376,1.566667,-0.039105,-0.006605,-0.957990,0.284047,-200.398010,949.301758,33.717434,0.045197,0.003228,0.973519,-0.224070,-480.070679,779.321106,41.240749,0.028509,-0.023323,0.967558,-0.249948,-286.817566,897.514526,956.892578
377,1.570833,-0.039218,-0.006722,-0.958005,0.283978,-200.389282,949.327820,33.711578,0.045296,0.003212,0.973531,-0.223999,-480.059235,779.330872,41.260891,0.028665,-0.023628,0.968139,-0.247644,-286.701263,898.282715,956.925964
378,1.575000,-0.039354,-0.006871,-0.958019,0.283909,-200.385864,949.342468,33.693832,0.045231,0.003180,0.973553,-0.223916,-480.049591,779.336426,41.275616,0.028602,-0.024016,0.968791,-0.245048,-286.527039,899.049500,956.972229
379,1.579167,-0.039595,-0.007071,-0.958028,0.283838,-200.377853,949.352844,33.683140,0.045284,0.003158,0.973564,-0.223859,-480.040039,779.338684,41.293495,0.028338,-0.024513,0.969447,-0.242421,-286.355194,899.833557,956.971069
380,1.583333,-0.039823,-0.007161,-0.958028,0.283804,-200.381699,949.367859,33.681606,0.045318,0.003128,0.973586,-0.223755,-480.030609,779.346863,41.310028,0.028039,-0.024939,0.970115,-0.239727,-286.170654,900.610840,957.010498
381,1.587500,-0.039961,-0.007360,-0.958051,0.283704,-200.365768,949.377686,33.667999,0.045348,0.003073,0.973599,-0.223693,-480.024261,779.341858,41.329102,0.027843,-0.025417,0.970749,-0.237121,-286.052002,901.420471,957.042786
382,1.591667,-0.040205,-0.007516,-0.958070,0.283599,-200.354797,949.390930,33.656269,0.045350,0.003032,0.973628,-0.223566,-480.013977,779.348877,41.351688,0.027688,-0.025946,0.971373,-0.234508,-285.910126,902.181946,957.120850
383,1.595833,-0.040412,-0.007694,-0.958093,0.283487,-200.354736,949.404602,33.649090,0.045353,0.002990,0.973658,-0.223440,-480.001465,779.345764,41.377033,0.028140,-0.026042,0.972003,-0.231820,-285.780884,902.966919,957.159546
384,1.600000,-0.040535,-0.007814,-0.958104,0.283432,-200.343033,949.424561,33.639954,0.045360,0.002915,0.973684,-0.223326,-479.991272,779.346375,41.410255,0.028737,-0.026587,0.972598,-0.229172,-285.709229,903.874939,957.017395
385,1.604167,-0.040818,-0.008033,-0.958117,0.283341,-200.334152,949.434814,33.622547,0.045386,0.002818,0.973711,-0.223201,-479.976227,779.343689,41.431622,0.029983,-0.026676,0.973111,-0.226812,-285.604279,904.736267,956.849426
386,1.608333,-0.041180,-0.008205,-0.958141,0.283201,-200.320450,949.454224,33.614025,0.045317,0.002693,0.973760,-0.223004,-479.957977,779.344788,41.463966,0.030232,-0.027136,0.973710,-0.224139,-285.554901,905.572144,956.870361
387,1.612500,-0.041392,-0.008387,-0.958156,0.283116,-200.297028,949.480530,33.606647,0.045350,0.002611,0.973809,-0.222783,-479.938782,779.344482,41.495899,0.030213,-0.027509,0.974347,-0.221311,-285.467590,906.431458,956.886230
388,1.616667,-0.041789,-0.008639,-0.958173,0.282991,-200.286911,949.492554,33.594280,0.045281,0.002476,0.973865,-0.222554,-479.920441,779.339478,41.535969,0.030405,-0.027989,0.975010,-0.218286,-285.367401,907.276428,956.929443
389,1.620833,-0.041926,-0.008727,-0.958209,0.282845,-200.272263,949.520325,33.585285,0.045160,0.002365,0.973931,-0.222290,-479.895935,779.340332,41.576557,0.028848,-0.030703,0.975627,-0.215354,-285.335663,908.155518,957.219666
390,1.625000,-0.042088,-0.008818,-0.958221,0.282777,-200.249649,949.547058,33.566586,0.045026,0.002225,0.974005,-0.221994,-479.872314,779.337097,41.624737,0.029073,-0.031860,0.976222,-0.212438,-285.307556,908.990356,957.318848
391,1.629167,-0.042421,-0.009070,-0.958244,0.282641,-200.235703,949.577942,33.542412,0.044900,0.002036,0.974082,-0.221683,-479.852356,779.337585,41.677357,0.029148,-0.032505,0.976810,-0.209608,-285.305603,909.850708,957.347107
392,1.633333,-0.042731,-0.009264,-0.958272,0.282494,-200.215332,949.619080,33.532291,0.044676,0.001901,0.974159,-0.221394,-479.824280,779.351501,41.744831,0.029477,-0.033014,0.977419,-0.206624,-285.296844,910.675781,957.354431
393,1.637500,-0.043064,-0.009472,-0.958303,0.282331,-200.188034,949.652893,33.512817,0.044309,0.001682,0.974271,-0.220975,-479.796448,779.338867,41.815678,0.029151,-0.033101,0.978114,-0.203341,-285.259399,911.483337,957.320129
394,1.641667,-0.043345,-0.009633,-0.958340,0.282157,-200.166107,949.682129,33.501122,0.044149,0.001488,0.974372,-0.220563,-479.753540,779.330200,41.890038,0.029315,-0.032914,0.978756,-0.200234,-285.267029,912.270020,957.260559
395,1.645833,-0.043639,-0.009814,-0.958364,0.282023,-200.144272,949.707886,33.496590,0.043947,0.001236,0.974492,-0.220075,-479.713470,779.310059,41.980774,0.029466,-0.033285,0.979380,-0.197077,-285.282684,913.066833,957.224548
396,1.650000,-0.043829,-0.009949,-0.958391,0.281898,-200.131607,949.741516,33.492596,0.043684,0.000934,0.974616,-0.219577,-479.662537,779.296448,42.073235,0.029556,-0.033674,0.980008,-0.193850,-285.268616,913.814026,957.285706
397,1.654167,-0.044105,-0.010141,-0.958414,0.281772,-200.107513,949.764160,33.480309,0.043054,0.000606,0.974747,-0.219124,-479.616699,779.299622,42.195847,0.029559,-0.034053,0.980640,-0.190558,-285.326019,914.599121,957.333191
398,1.658333,-0.044348,-0.010265,-0.958457,0.281583,-200.088425,949.782104,33.472107,0.042629,0.000264,0.974895,-0.218548,-479.554962,779.298645,42.316502,0.029617,-0.034206,0.981259,-0.187306,-285.352509,915.334656,957.346680
399,1.662500,-0.044581,-0.010413,-0.958487,0.281436,-200.062195,949.806885,33.459682,0.042065,-0.000005,0.975052,-0.217954,-479.506683,779.302490,42.434116,0.029859,-0.034446,0.981844,-0.184130,-285.414520,916.052734,957.317444
400,1.666667,-0.044955,-0.010629,-0.958513,0.281279,-200.040817,949.826294,33.449512,0.041383,-0.000296,0.975256,-0.217169,-479.449951,779.315796,42.564678,0.030180,-0.034591,0.982439,-0.180847,-285.447418,916.702759,957.257019
401,1.670833,-0.045190,-0.010748,-0.958537,0.281158,-200.020081,949.855896,33.446819,0.040650,-0.000553,0.975478,-0.216312,-479.395538,779.355774,42.706638,0.030563,-0.035105,0.983028,-0.177456,-285.522003,917.408447,957.227234
402,1.675000,-0.045307,-0.010819,-0.958573,0.281013,-200.000229,949.886108,33.434189,0.039913,-0.000689,0.975700,-0.215445,-479.357635,779.407471,42.844959,0.030955,-0.035129,0.983597,-0.174199,-285.572571,918.111877,957.279846
403,1.679167,-0.045574,-0.010958,-0.958592,0.280898,-199.983597,949.905212,33.433956,0.039101,-0.000637,0.975921,-0.214591,-479.340302,779.472351,42.972553,0.031410,-0.035082,0.984170,-0.170854,-285.627289,918.783813,957.210999
404,1.683333,-0.045744,-0.011050,-0.958623,0.280763,-199.965286,949.916687,33.423573,0.037966,-0.000522,0.976161,-0.213700,-479.352661,779.513489,43.103378,0.031930,-0.035168,0.984702,-0.167649,-285.697296,919.439392,957.193787
405,1.687500,-0.045853,-0.011053,-0.958648,0.280657,-199.950043,949.937744,33.420521,0.037211,-0.000307,0.976427,-0.212618,-479.351135,779.605774,43.235374,0.031949,-0.035561,0.985245,-0.164337,-285.730652,920.098572,957.216431
406,1.691667,-0.046130,-0.011200,-0.958673,0.280522,-199.937881,949.944824,33.419453,0.035961,0.000195,0.976744,-0.211374,-479.386963,779.682922,43.344822,0.032354,-0.035816,0.985778,-0.160974,-285.737549,920.699890,957.250916
407,1.695833,-0.046265,-0.011263,-0.958697,0.280416,-199.929443,949.957581,33.409241,0.034886,0.000701,0.977122,-0.209797,-479.480347,779.757019,43.516026,0.032442,-0.035784,0.986295,-0.157762,-285.825745,921.308289,957.246033
408,1.700000,-0.046424,-0.011366,-0.958715,0.280325,-199.916687,949.969177,33.416130,0.033685,0.001417,0.977583,-0.207834,-479.615051,779.850342,43.710938,0.032315,-0.035637,0.986834,-0.154416,-285.834747,921.894043,957.257812
409,1.704167,-0.046500,-0.011363,-0.958746,0.280206,-199.907333,949.974670,33.417984,0.032177,0.002361,0.978088,-0.205678,-479.785706,779.961914,43.920151,0.032529,-0.035714,0.987302,-0.151328,-285.892853,922.438293,957.249329
410,1.708333,-0.046594,-0.011421,-0.958767,0.280114,-199.894806,949.984863,33.408833,0.031171,0.003399,0.978614,-0.203302,-480.020355,780.096863,44.129665,0.032781,-0.035719,0.987795,-0.148021,-285.900482,922.971497,957.249084
411,1.712500,-0.046755,-0.011496,-0.958784,0.280025,-199.887970,950.003662,33.406376,0.031258,0.004425,0.979251,-0.200177,-480.289337,780.308594,44.420425,0.032936,-0.035931,0.988255,-0.144834,-285.909332,923.489502,957.290955
412,1.716667,-0.046967,-0.011591,-0.958806,0.279911,-199.881943,950.011719,33.409992,0.031264,0.005840,0.980014,-0.196369,-480.636414,780.511536,44.780354,0.033281,-0.036047,0.988677,-0.141812,-285.948059,924.010925,957.262451
413,1.720833,-0.047019,-0.011642,-0.958832,0.279812,-199.875290,950.028503,33.399845,0.029814,0.008126,0.981062,-0.191212,-481.236115,780.577087,45.066730,0.033573,-0.036176,0.989106,-0.138687,-285.952972,924.499878,957.299805
414,1.725000,-0.047082,-0.011686,-0.958845,0.279754,-199.875687,950.045593,33.396000,0.029081,0.010852,0.982268,-0.184893,-482.134979,780.662659,45.411839,0.033956,-0.035905,0.989516,-0.135703,-286.016998,924.947876,957.243103
415,1.729167,-0.047251,-0.011800,-0.958857,0.279681,-199.870850,950.050354,33.397018,0.031923,0.014658,0.983663,-0.176560,-483.382660,780.526550,45.689308,0.034050,-0.036015,0.989938,-0.132535,-285.991028,925.404602,957.226868
416,1.733333,-0.047334,-0.011826,-0.958878,0.279593,-199.869095,950.058044,33.396446,0.031668,0.016916,0.985023,-0.168646,-484.493103,780.713074,46.160847,0.035628,-0.036616,0.990296,-0.129240,-286.080719,925.612122,956.984741
417,1.737500,-0.047405,-0.011840,-0.958904,0.279491,-199.866867,950.069336,33.393524,0.031667,0.018932,0.986336,-0.160562,-485.647797,780.948730,46.629189,0.035683,-0.036860,0.990647,-0.126442,-286.147583,925.944641,957.038940
418,1.741667,-0.047561,-0.011928,-0.958928,0.279379,-199.858063,950.080078,33.391960,0.031874,0.020922,0.987537,-0.152701,-486.818604,781.217773,47.088055,0.034808,-0.037184,0.991039,-0.123482,-286.166870,926.267395,957.225952
419,1.745833,-0.047780,-0.012056,-0.958959,0.279229,-199.851288,950.090271,33.390785,0.032310,0.023196,0.988660,-0.144807,-487.997894,781.469849,47.569927,0.035783,-0.037184,0.991359,-0.120598,-286.239105,926.671265,957.111328
420,1.750000,-0.047904,-0.012090,-0.958994,0.279088,-199.848541,950.105347,33.385941,0.032647,0.025361,0.989727,-0.136865,-489.181458,781.740479,48.075397,0.036565,-0.036950,0.991670,-0.117847,-286.289825,927.030090,956.995117
421,1.754167,-0.048095,-0.012222,-0.959026,0.278939,-199.848480,950.114624,33.384617,0.032706,0.027375,0.990770,-0.128670,-490.525513,782.071045,48.545811,0.038956,-0.036834,0.991958,-0.114656,-286.323090,927.133118,956.755432
422,1.758333,-0.048076,-0.012192,-0.959066,0.278805,-199.848724,950.129944,33.382004,0.032327,0.029698,0.991808,-0.119958,-491.939545,782.364319,49.028667,0.038760,-0.036987,0.992288,-0.111776,-286.393707,927.476013,956.745422
423,1.762500,-0.048231,-0.012247,-0.959101,0.278657,-199.850327,950.137634,33.385681,0.032178,0.031746,0.992757,-0.111314,-493.354675,782.725708,49.512882,0.038969,-0.037194,0.992574,-0.109062,-286.433167,927.815063,956.820007
424,1.766667,-0.048332,-0.012304,-0.959127,0.278545,-199.850739,950.141724,33.371078,0.032121,0.033740,0.993630,-0.102612,-494.778778,783.074768,50.038467,0.039336,-0.037162,0.992835,-0.106543,-286.498322,928.114624,956.837219
425,1.770833,-0.048418,-0.012314,-0.959175,0.278365,-199.854111,950.150879,33.377197,0.031726,0.035657,0.994435,-0.093917,-496.189270,783.469116,50.547913,0.039562,-0.037051,0.993117,-0.103835,-286.584503,928.442200,956.769104
426,1.775000,-0.048449,-0.012285,-0.959221,0.278202,-199.857697,950.153198,33.371357,0.031560,0.037536,0.995160,-0.085155,-497.620239,783.848694,51.020817,0.040160,-0.037048,0.993373,-0.101113,-286.629944,928.752625,956.785095
427,1.779167,-0.048485,-0.012349,-0.959262,0.278052,-199.856262,950.148865,33.361694,0.031673,0.039209,0.995821,-0.076154,-499.100800,784.243774,51.446148,0.040970,-0.037054,0.993595,-0.098580,-286.680725,928.973755,956.797729
428,1.783333,-0.048477,-0.012288,-0.959304,0.277912,-199.866257,950.148682,33.351223,0.031516,0.040904,0.996423,-0.066890,-500.668701,784.683899,51.830936,0.041146,-0.037019,0.993863,-0.095776,-286.776489,929.262939,956.755249
429,1.787500,-0.048477,-0.012243,-0.959353,0.277744,-199.875259,950.147583,33.350426,0.031242,0.042525,0.996945,-0.057596,-502.340332,785.258972,52.177120,0.041623,-0.036798,0.994088,-0.093284,-286.886566,929.459290,956.825378
430,1.791667,-0.048465,-0.012175,-0.959391,0.277617,-199.886200,950.153625,33.340538,0.030739,0.044056,0.997392,-0.048200,-503.952332,785.791748,52.543819,0.042435,-0.036850,0.994306,-0.090542,-286.914459,929.693787,956.820068
431,1.795833,-0.048488,-0.012208,-0.959431,0.277475,-199.889740,950.142334,33.334976,0.030454,0.045767,0.997741,-0.038599,-505.554565,786.261169,52.958839,0.042711,-0.036863,0.994559,-0.087579,-286.957855,929.936340,956.746094
432,1.800000,-0.048445,-0.012118,-0.959485,0.277300,-199.895950,950.129944,33.331200,0.030167,0.047450,0.997985,-0.029414,-507.144226,786.822876,53.332409,0.042858,-0.036792,0.994788,-0.084889,-287.040436,930.130310,956.743591
433,1.804167,-0.048312,-0.011973,-0.959536,0.277152,-199.905884,950.126831,33.319618,0.029816,0.048659,0.998176,-0.019676,-508.778381,787.431396,53.646294,0.043222,-0.036823,0.995007,-0.082076,-287.141937,930.340454,956.718262
434,1.808333,-0.048222,-0.011902,-0.959590,0.276984,-199.913177,950.113037,33.314701,0.029912,0.049582,0.998271,-0.010107,-510.455261,788.096680,53.961929,0.043755,-0.036716,0.995168,-0.079858,-287.290802,930.594727,956.810913
435,1.812500,-0.048150,-0.011803,-0.959637,0.276838,-199.922485,950.096497,33.311825,0.029500,0.050832,0.998271,-0.000490,-512.052307,788.778137,54.264599,0.044757,-0.037017,0.995305,-0.077421,-287.423981,930.775818,956.804016
436,1.816667,-0.048000,-0.011620,-0.959698,0.276660,-199.927841,950.068237,33.303562,0.029573,0.051493,0.998194,0.009078,-513.722717,789.468140,54.475746,0.044844,-0.036959,0.995514,-0.074661,-287.579926,930.913757,956.819031
437,1.820833,-0.047912,-0.011522,-0.959739,0.276536,-199.936264,950.049072,33.292313,0.028964,0.052191,0.998040,0.018781,-515.362976,790.163086,54.677273,0.044545,-0.037084,0.995743,-0.071673,-287.727783,931.085388,956.836914
438,1.825000,-0.047856,-0.011446,-0.959827,0.276244,-199.946472,949.998047,33.281761,0.028585,0.052366,0.997822,0.028153,-517.046997,790.912659,54.841545,0.044663,-0.037045,0.995942,-0.068793,-287.868408,931.221741,956.882080
439,1.829167,-0.047849,-0.011434,-0.959875,0.276078,-199.956116,949.968079,33.274242,0.027816,0.052316,0.997538,0.037522,-518.680603,791.635437,54.990673,0.045069,-0.037031,0.996111,-0.066030,-288.011505,931.289856,956.863525
440,1.833333,-0.047699,-0.011251,-0.959937,0.275898,-199.960114,949.948364,33.266682,0.027618,0.051842,0.997175,0.046821,-520.316467,792.433472,55.039898,0.045145,-0.037019,0.996296,-0.063130,-288.204041,931.438416,956.880615
441,1.837500,-0.047470,-0.011063,-0.959998,0.275730,-199.972534,949.928223,33.260971,0.026977,0.051330,0.996743,0.056050,-521.979004,793.224731,55.085140,0.045404,-0.037079,0.996461,-0.060248,-288.381226,931.487366,956.857910
442,1.841667,-0.046546,-0.010671,-0.960022,0.275820,-199.938263,949.966980,33.304302,0.026727,0.050541,0.996245,0.065014,-523.623840,794.041992,55.095448,0.045806,-0.037110,0.996611,-0.057374,-288.573822,931.540894,956.847839
443,1.845833,-0.044361,-0.010040,-0.959997,0.276290,-199.824646,950.100952,33.429790,0.025654,0.049583,0.995690,0.074065,-525.309753,794.892456,55.016548,0.045781,-0.037054,0.996766,-0.054666,-288.807373,931.637756,956.950806
444,1.850000,-0.042709,-0.009782,-0.959981,0.276617,-199.758530,950.230835,33.585514,0.025096,0.048173,0.995047,0.083253,-526.921753,795.780151,54.921707,0.046007,-0.036926,0.996910,-0.051872,-289.017548,931.674011,956.956665
445,1.854167,-0.042539,-0.009626,-0.960031,0.276475,-199.777359,950.202576,33.579571,0.025526,0.046183,0.994330,0.092320,-528.539246,796.703186,54.808006,0.046276,-0.036833,0.997046,-0.049000,-289.220459,931.655212,956.914795
446,1.858333,-0.042286,-0.009476,-0.960091,0.276312,-199.788498,950.181580,33.574696,0.024499,0.044962,0.993573,0.100948,-530.106018,797.586365,54.700733,0.046573,-0.036753,0.997182,-0.045923,-289.404633,931.685974,956.838745
447,1.862500,-0.042213,-0.009276,-0.960144,0.276143,-199.801590,950.152161,33.581944,0.024580,0.042975,0.992751,0.109522,-531.695251,798.552307,54.556450,0.046809,-0.036538,0.997300,-0.043199,-289.651184,931.659546,956.871338
448,1.866667,-0.042150,-0.009252,-0.960211,0.275921,-199.817230,950.121887,33.574760,0.024858,0.041030,0.991810,0.118374,-533.369568,799.664856,54.429043,0.047087,-0.036518,0.997402,-0.040472,-289.898407,931.626831,956.932739
449,1.870833,-0.041945,-0.009090,-0.960270,0.275754,-199.827881,950.097290,33.565777,0.024801,0.039434,0.990806,0.127016,-534.927063,800.712708,54.294857,0.047057,-0.036681,0.997510,-0.037603,-290.148956,931.604797,956.964905
450,1.875000,-0.041804,-0.008977,-0.960320,0.275605,-199.842117,950.068359,33.555058,0.025902,0.037151,0.989719,0.135666,-536.470154,801.776367,54.108807,0.047695,-0.036691,0.997578,-0.034884,-290.390717,931.565430,956.984619
451,1.879167,-0.041636,-0.008884,-0.960382,0.275414,-199.852509,950.036194,33.558033,0.025377,0.036188,0.988564,0.144182,-538.026428,802.954041,54.042660,0.047788,-0.036423,0.997673,-0.032212,-290.679565,931.476196,957.025208
452,1.883333,-0.041388,-0.008791,-0.960446,0.275234,-199.859207,950.001282,33.542015,0.024873,0.035549,0.987290,0.152890,-539.565552,804.189941,53.991413,0.047291,-0.036220,0.997791,-0.029421,-291.006805,931.417847,957.082825
453,1.887500,-0.041129,-0.008757,-0.960493,0.275108,-199.863312,949.971130,33.540237,0.024742,0.034687,0.985923,0.161683,-541.106445,805.521912,54.025448,0.047491,-0.036051,0.997861,-0.026793,-291.308563,931.382935,957.097900
454,1.891667,-0.040977,-0.008745,-0.960546,0.274947,-199.878189,949.932800,33.527428,0.025403,0.034080,0.984488,0.170227,-542.572144,806.853943,53.992470,0.047051,-0.035558,0.997967,-0.024156,-291.596161,931.351868,957.290955
455,1.895833,-0.040609,-0.008580,-0.960599,0.274823,-199.892914,949.918457,33.512978,0.025902,0.033472,0.982987,0.178736,-544.035889,808.271729,54.006058,0.047177,-0.035544,0.998026,-0.021316,-291.950256,931.171570,957.237244
456,1.900000,-0.040319,-0.008490,-0.960653,0.274678,-199.905792,949.888123,33.501743,0.024681,0.034061,0.981418,0.187216,-545.479553,809.649658,54.059002,0.047027,-0.035379,0.998094,-0.018578,-292.322479,931.056641,957.183777
457,1.904167,-0.040162,-0.008415,-0.960701,0.274536,-199.918411,949.864502,33.497715,0.025683,0.033194,0.979806,0.195496,-546.898438,811.130615,53.987782,0.047228,-0.035186,0.998131,-0.016326,-292.641357,930.936218,957.308533
458,1.908333,-0.039989,-0.008287,-0.960760,0.274357,-199.931305,949.837158,33.492168,0.026389,0.032436,0.978072,0.204027,-548.289429,812.676270,53.997852,0.047383,-0.035145,0.998167,-0.013530,-293.016541,930.751221,957.303345
459,1.912500,-0.039770,-0.008136,-0.960822,0.274176,-199.948669,949.814453,33.493122,0.027012,0.031620,0.976265,0.212551,-549.687012,814.272034,53.973087,0.047258,-0.035001,0.998211,-0.010824,-293.414368,930.504028,957.261719
460,1.916667,-0.039602,-0.007983,-0.960876,0.274018,-199.971085,949.798584,33.492416,0.026954,0.031436,0.974410,0.220932,-551.062256,815.930420,53.979668,0.047141,-0.034703,0.998250,-0.008372,-293.770203,930.356384,957.301697
461,1.920833,-0.039518,-0.007888,-0.960935,0.273824,-199.985565,949.779724,33.492058,0.027414,0.030736,0.972478,0.229325,-552.435608,817.646362,53.949642,0.047137,-0.034580,0.998273,-0.005749,-294.182770,930.132568,957.242859
462,1.925000,-0.039389,-0.007733,-0.960997,0.273631,-200.009216,949.765381,33.484249,0.028272,0.029815,0.970423,0.237889,-553.744812,819.432129,53.823849,0.046966,-0.034415,0.998299,-0.003138,-294.614594,929.906189,957.213074
463,1.929167,-0.039285,-0.007689,-0.961053,0.273449,-200.031693,949.749268,33.490707,0.028564,0.029147,0.968319,0.246359,-555.050049,821.285278,53.784222,0.047025,-0.034134,0.998310,-0.000867,-295.053650,929.686829,957.242065
464,1.933333,-0.038931,-0.007511,-0.961118,0.273277,-200.055099,949.734619,33.479431,0.029104,0.028674,0.966143,0.254752,-556.324158,823.181519,53.654488,0.046816,-0.033970,0.998325,0.001583,-295.514862,929.427063,957.250549
465,1.937500,-0.038793,-0.007420,-0.961173,0.273105,-200.080597,949.723389,33.464157,0.029971,0.027483,0.963861,0.263285,-557.556519,825.124756,53.567482,0.046827,-0.033967,0.998317,0.004024,-295.979675,929.132446,957.164795
466,1.941667,-0.038646,-0.007324,-0.961235,0.272911,-200.101181,949.710999,33.460670,0.030349,0.026930,0.961527,0.271699,-558.772949,827.089783,53.477055,0.046585,-0.033523,0.998332,0.006339,-296.453674,928.908081,957.235596
467,1.945833,-0.038413,-0.007262,-0.961286,0.272765,-200.117752,949.691284,33.455055,0.031263,0.026168,0.959140,0.279980,-559.908325,829.087952,53.348724,0.046438,-0.033392,0.998324,0.008886,-296.976837,928.628540,957.163513
468,1.950000,-0.038297,-0.007200,-0.961341,0.272589,-200.138123,949.676331,33.445686,0.032287,0.024695,0.956734,0.288110,-561.021912,831.122620,53.156414,0.046312,-0.033336,0.998308,0.011193,-297.528229,928.347046,957.071777
469,1.954167,-0.038061,-0.007097,-0.961399,0.272421,-200.146088,949.662109,33.437973,0.032627,0.024103,0.954236,0.296290,-562.096985,833.207458,53.036098,0.045957,-0.033061,0.998306,0.013425,-298.064636,928.077148,957.065918
470,1.958333,-0.037944,-0.007023,-0.961463,0.272213,-200.158142,949.649109,33.430496,0.033646,0.022545,0.951698,0.304352,-563.149658,835.246033,52.810524,0.045964,-0.032918,0.998279,0.015571,-298.632751,927.652771,957.048950
471,1.962500,-0.037812,-0.006994,-0.961521,0.272027,-200.171738,949.638367,33.423073,0.034683,0.021698,0.949144,0.312173,-564.096497,837.265747,52.525745,0.045974,-0.032944,0.998243,0.017661,-299.234039,927.388489,956.978699
472,1.966667,-0.037775,-0.007002,-0.961581,0.271820,-200.178360,949.625793,33.422569,0.035639,0.019180,0.946527,0.320075,-565.017761,839.311951,52.242523,0.046009,-0.032871,0.998200,0.019988,-299.828857,927.025330,956.876526
473,1.970833,-0.037624,-0.006885,-0.961636,0.271649,-200.187592,949.622681,33.426205,0.036147,0.017048,0.943877,0.327870,-565.968201,841.459778,51.982307,0.045843,-0.032546,0.998173,0.022115,-300.468140,926.598022,956.838806
474,1.975000,-0.037488,-0.006848,-0.961692,0.271469,-200.204285,949.605957,33.408077,0.036568,0.015683,0.941243,0.335377,-566.786926,843.559937,51.574917,0.045832,-0.032546,0.998127,0.024158,-301.106140,926.280212,956.742371
475,1.979167,-0.037303,-0.006758,-0.961746,0.271307,-200.210266,949.604187,33.401146,0.037091,0.013628,0.938569,0.342821,-567.568115,845.796753,51.183403,0.045608,-0.032396,0.998089,0.026251,-301.785553,925.896973,956.714233
476,1.983333,-0.036938,-0.006523,-0.961831,0.271062,-200.233841,949.625000,33.365131,0.036972,0.011831,0.935846,0.350264,-568.338440,847.957520,50.898739,0.045217,-0.032402,0.998047,0.028404,-302.522461,925.492493,956.654358
477,1.987500,-0.036826,-0.006479,-0.961882,0.270896,-200.243286,949.620239,33.362991,0.037101,0.010005,0.933334,0.356947,-568.970215,850.077209,50.501637,0.045092,-0.032288,0.997998,0.030392,-303.213806,925.098145,956.623291
478,1.991667,-0.036769,-0.006444,-0.961929,0.270739,-200.247452,949.610046,33.367302,0.037116,0.008510,0.930757,0.363651,-569.564209,852.239014,50.075844,0.044797,-0.032136,0.997954,0.032394,-303.997162,924.673889,956.594543
479,1.995833,-0.036553,-0.006344,-0.961990,0.270553,-200.253647,949.604675,33.364769,0.036413,0.007680,0.928121,0.370414,-570.175598,854.332642,49.702797,0.044716,-0.031957,0.997900,0.034272,-304.757141,924.281311,956.569641
480,2.000000,-0.036455,-0.006326,-0.962026,0.270437,-200.267838,949.581299,33.365047,0.035814,0.006090,0.925640,0.376658,-570.690369,856.398132,49.221451,0.044381,-0.031988,0.997840,0.036370,-305.573853,923.826233,956.513916
481,2.004167,-0.036241,-0.006196,-0.962093,0.270233,-200.273132,949.571472,33.365738,0.035693,0.004548,0.923075,0.382934,-571.139526,858.493286,48.765884,0.044115,-0.031950,0.997779,0.038347,-306.400543,923.433472,956.453125
482,2.008333,-0.036046,-0.006104,-0.962151,0.270055,-200.279877,949.565491,33.358742,0.035154,0.003237,0.920657,0.388773,-571.565002,860.542603,48.259457,0.043723,-0.031765,0.997726,0.040276,-307.254639,922.953918,956.400391
483,2.012500,-0.035930,-0.006077,-0.962197,0.269905,-200.284622,949.552368,33.356056,0.033519,0.002376,0.918346,0.394350,-571.978882,862.544922,47.815693,0.043608,-0.031625,0.997652,0.042300,-308.102295,922.533142,956.325073
484,2.016667,-0.035820,-0.006015,-0.962242,0.269761,-200.298248,949.543701,33.350998,0.032420,0.002371,0.915850,0.400203,-572.367371,864.498230,47.371468,0.043025,-0.031509,0.997589,0.044421,-308.991028,922.048096,956.318115
485,2.020833,-0.035602,-0.005888,-0.962281,0.269655,-200.308929,949.542725,33.351730,0.030370,0.003575,0.913475,0.405743,-572.766541,866.389709,47.027119,0.042670,-0.031361,0.997522,0.046313,-309.894379,921.636536,956.315247
486,2.025000,-0.035392,-0.005790,-0.962307,0.269590,-200.318726,949.522278,33.342464,0.027179,0.005500,0.911345,0.410708,-573.035889,868.217224,46.844727,0.042544,-0.031120,0.997445,0.048214,-310.855835,921.138123,956.232422
487,2.029167,-0.035224,-0.005702,-0.962343,0.269486,-200.326019,949.509399,33.348858,0.026575,0.007717,0.909779,0.414169,-573.389404,870.100891,46.580360,0.042386,-0.031196,0.997352,0.050201,-311.843506,920.611572,956.128601
488,2.033333,-0.035037,-0.005572,-0.962402,0.269303,-200.330383,949.494629,33.343533,0.026719,0.008117,0.908267,0.417459,-573.704529,871.602356,46.282631,0.042023,-0.031146,0.997264,0.052227,-312.812744,920.166992,956.097900
489,2.037500,-0.034788,-0.005491,-0.962477,0.269069,-200.337891,949.479736,33.342907,0.026675,0.007995,0.906885,0.420457,-573.902893,872.794617,46.097939,0.041168,-0.030532,0.997214,0.054190,-313.853485,919.590637,956.169495
490,2.041667,-0.034590,-0.005347,-0.962548,0.268843,-200.337616,949.473633,33.343384,0.026518,0.007149,0.905761,0.422898,-574.051392,873.735229,45.814320,0.040659,-0.030426,0.997124,0.056253,-314.859924,918.991333,956.180847
491,2.045833,-0.034531,-0.005312,-0.962597,0.268677,-200.338806,949.460815,33.336056,0.025139,0.007336,0.904849,0.424926,-574.240051,874.421448,45.567467,0.040333,-0.030276,0.997028,0.058242,-316.007843,918.427612,956.097656
492,2.050000,-0.034386,-0.005231,-0.962632,0.268571,-200.346268,949.461121,33.341640,0.022999,0.007731,0.904265,0.426281,-574.478821,874.817505,45.293713,0.039938,-0.030293,0.996925,0.060230,-317.142059,917.858643,956.003662
493,2.054167,-0.034136,-0.005100,-0.962645,0.268558,-200.350723,949.451050,33.345856,0.020463,0.008272,0.903946,0.427076,-574.744019,874.973267,45.012280,0.039698,-0.030263,0.996842,0.061761,-318.355927,917.231750,955.951233
494,2.058333,-0.033797,-0.004905,-0.962669,0.268519,-200.366959,949.430176,33.341133,0.018983,0.007901,0.903768,0.427528,-574.995667,874.893433,44.776878,0.039495,-0.029879,0.996748,0.063565,-319.525726,916.710144,955.917175
495,2.062500,-0.033485,-0.004725,-0.962695,0.268468,-200.379913,949.400757,33.346775,0.018518,0.006651,0.903732,0.427647,-575.239380,874.573975,44.563801,0.039345,-0.029732,0.996641,0.065384,-320.671967,916.126526,955.906433
496,2.066667,-0.033206,-0.004584,-0.962726,0.268394,-200.391037,949.375916,33.342140,0.019434,0.004577,0.903885,0.427310,-575.466309,874.070618,44.382778,0.040982,-0.029305,0.996602,0.065170,-321.778656,915.166870,956.039429
497,2.070833,-0.032847,-0.004400,-0.962754,0.268339,-200.395218,949.344727,33.338646,0.020691,0.002520,0.904237,0.426523,-575.653870,873.397217,44.187759,0.041229,-0.028944,0.996493,0.066809,-322.961639,914.553772,956.022705
498,2.075000,-0.032621,-0.004271,-0.962773,0.268304,-200.411774,949.321167,33.347221,0.022769,0.000233,0.904578,0.425699,-575.836792,872.718384,44.042614,0.041436,-0.028691,0.996399,0.068183,-324.188324,913.950867,956.059937
499,2.079167,-0.032109,-0.003987,-0.962798,0.268279,-200.423874,949.296448,33.341042,0.024581,-0.001670,0.904918,0.424873,-575.976257,872.048096,43.938526,0.041590,-0.028017,0.996302,0.069772,-325.378876,913.356567,956.093262
500,2.083333,-0.031716,-0.003749,-0.962822,0.268241,-200.434738,949.264526,33.341480,0.026354,-0.003330,0.905175,0.424207,-576.087097,871.460144,43.847237,0.041607,-0.027693,0.996212,0.071153,-326.638641,912.776855,956.095276
501,2.087500,-0.031014,-0.003394,-0.962881,0.268118,-200.437332,949.243286,33.346565,0.028147,-0.005076,0.905256,0.423904,-576.188416,871.007202,43.748604,0.041914,-0.027288,0.996103,0.072645,-327.919708,912.164551,956.072998
502,2.091667,-0.030552,-0.003138,-0.962954,0.267911,-200.454391,949.200684,33.349220,0.028591,-0.005949,0.905300,0.423768,-576.199280,870.675842,43.674683,0.042018,-0.026839,0.996001,0.074132,-329.164917,911.630615,956.123169
503,2.095833,-0.030412,-0.003101,-0.962994,0.267784,-200.435379,949.182983,33.334541,0.029022,-0.006327,0.905548,0.423202,-576.172302,870.452454,43.570839,0.042204,-0.026536,0.995905,0.075414,-330.432343,910.988464,956.201416
504,2.100000,-0.030295,-0.002987,-0.963003,0.267767,-200.438507,949.163818,33.332611,0.029369,-0.006626,0.905719,0.422809,-576.157715,870.339722,43.436245,0.042478,-0.026294,0.995791,0.076848,-331.793365,910.427063,956.131104
505,2.104167,-0.029764,-0.002777,-0.962998,0.267844,-200.452637,949.141724,33.326653,0.029456,-0.006600,0.905816,0.422595,-576.146667,870.322632,43.355598,0.042431,-0.025885,0.995696,0.078220,-333.111786,909.818420,956.211731
506,2.108333,-0.029045,-0.002333,-0.962993,0.267946,-200.476852,949.113159,33.330910,0.029568,-0.006589,0.905894,0.422420,-576.110229,870.355286,43.274757,0.042957,-0.025470,0.995592,0.079385,-334.453400,909.184692,956.208313
507,2.112500,-0.028456,-0.001959,-0.962991,0.268019,-200.496292,949.069885,33.332844,0.028826,-0.005642,0.905885,0.422504,-576.102661,870.432007,43.316475,0.043121,-0.024931,0.995477,0.080899,-335.862793,908.578003,956.166870
508,2.116667,-0.028113,-0.001709,-0.963007,0.267999,-200.509705,949.038086,33.342213,0.028245,-0.005198,0.905732,0.422877,-576.101746,870.565002,43.302013,0.043429,-0.024657,0.995367,0.082164,-337.241058,907.949341,956.138184
509,2.120833,-0.027687,-0.001509,-0.963031,0.267962,-200.515717,949.009521,33.344788,0.027973,-0.004884,0.905805,0.422743,-576.071594,870.622742,43.284653,0.043568,-0.024042,0.995266,0.083488,-338.610168,907.411682,956.162231
510,2.125000,-0.027226,-0.001311,-0.963038,0.267983,-200.528168,948.973083,33.348267,0.027890,-0.004869,0.905844,0.422664,-576.064209,870.658630,43.266266,0.043992,-0.023772,0.995151,0.084702,-340.094757,906.731262,956.135803
511,2.129167,-0.026775,-0.001001,-0.963034,0.268043,-200.546265,948.941528,33.341839,0.027698,-0.004823,0.905890,0.422579,-576.093445,870.653442,43.257557,0.044309,-0.023455,0.995039,0.085932,-341.449677,906.142700,956.184753
512,2.133333,-0.026292,-0.000597,-0.963025,0.268126,-200.568298,948.918518,33.363602,0.027384,-0.004527,0.905966,0.422439,-576.151794,870.601257,43.249367,0.044749,-0.023123,0.994916,0.087211,-342.909149,905.492310,956.090027
513,2.137500,-0.025818,-0.000226,-0.963016,0.268204,-200.583893,948.894531,33.371948,0.027122,-0.004476,0.906036,0.422308,-576.218933,870.564941,43.240395,0.045051,-0.022765,0.994809,0.088355,-344.342926,904.880920,956.164856
514,2.141667,-0.025366,0.000048,-0.963018,0.268240,-200.602280,948.866577,33.373665,0.026896,-0.004438,0.906055,0.422281,-576.289246,870.551453,43.214302,0.045514,-0.022419,0.994705,0.089372,-345.774536,904.263123,956.192627
515,2.145833,-0.024955,0.000296,-0.963027,0.268247,-200.610138,948.847839,33.387402,0.026489,-0.004340,0.906018,0.422387,-576.351135,870.581482,43.184700,0.045586,-0.022188,0.994610,0.090450,-347.238739,903.726196,956.242493
516,2.150000,-0.024519,0.000652,-0.963023,0.268299,-200.638931,948.815552,33.392239,0.026018,-0.004179,0.905991,0.422475,-576.400024,870.623413,43.163654,0.046029,-0.021836,0.994513,0.091366,-348.703217,903.083801,956.296509
517,2.154167,-0.023921,0.001112,-0.963008,0.268408,-200.664566,948.792297,33.405964,0.025551,-0.003945,0.905985,0.422519,-576.450317,870.677246,43.159889,0.046134,-0.021412,0.994421,0.092417,-350.083282,902.480469,956.366943
518,2.158333,-0.023416,0.001487,-0.962980,0.268549,-200.692200,948.757568,33.416077,0.025158,-0.003714,0.906005,0.422502,-576.503662,870.710938,43.145992,0.046537,-0.021225,0.994312,0.093419,-351.565308,901.853699,956.386536
519,2.162500,-0.022928,0.001865,-0.962966,0.268638,-200.714325,948.732788,33.428062,0.024691,-0.003475,0.906071,0.422391,-576.548157,870.720947,43.135059,0.046896,-0.021069,0.994215,0.094301,-353.062378,901.203552,956.389221
520,2.166667,-0.022635,0.002039,-0.962964,0.268669,-200.729050,948.706299,33.438068,0.024522,-0.003411,0.906125,0.422285,-576.591309,870.730896,43.116840,0.047042,-0.020769,0.994131,0.095180,-354.513336,900.634583,956.446960
521,2.170833,-0.022028,0.002452,-0.962944,0.268790,-200.752701,948.695374,33.437290,0.024226,-0.003222,0.906190,0.422164,-576.611633,870.746887,43.113178,0.047137,-0.020635,0.994047,0.096040,-356.010681,900.031860,956.548523
522,2.175000,-0.021510,0.002806,-0.962920,0.268914,-200.772980,948.654297,33.445927,0.023683,-0.002884,0.906270,0.422026,-576.620911,870.746582,43.106556,0.047488,-0.020403,0.993940,0.097011,-357.497681,899.426453,956.552429
523,2.179167,-0.020962,0.003212,-0.962887,0.269070,-200.796005,948.620850,33.464699,0.023444,-0.002807,0.906311,0.421951,-576.630615,870.766968,43.103588,0.047726,-0.020175,0.993859,0.097776,-358.953217,898.815857,956.629822
524,2.183333,-0.020243,0.003670,-0.962853,0.269241,-200.814545,948.581970,33.468445,0.023248,-0.002664,0.906345,0.421889,-576.644775,870.756104,43.100578,0.048177,-0.019723,0.993744,0.098804,-360.444733,898.189209,956.636292
525,2.187500,-0.019669,0.004074,-0.962830,0.269359,-200.835999,948.551086,33.482372,0.023109,-0.002565,0.906416,0.421745,-576.668762,870.732788,43.097950,0.048348,-0.019318,0.993674,0.099501,-361.982971,897.550598,956.641785
526,2.191667,-0.019097,0.004380,-0.962802,0.269495,-200.857422,948.510132,33.492203,0.022999,-0.002535,0.906486,0.421602,-576.683105,870.711365,43.087681,0.048549,-0.018985,0.993577,0.100437,-363.445679,896.932617,956.686707
527,2.195833,-0.018348,0.004848,-0.962767,0.269666,-200.872101,948.470093,33.496567,0.022915,-0.002519,0.906527,0.421518,-576.705566,870.696228,43.068161,0.048643,-0.018729,0.993485,0.101345,-364.982849,896.289856,956.686157
528,2.200000,-0.017731,0.005320,-0.962731,0.269828,-200.891052,948.425354,33.519951,0.022824,-0.002526,0.906561,0.421449,-576.713989,870.687256,43.063786,0.048956,-0.018736,0.993405,0.101973,-366.503632,895.678589,956.771484
529,2.204167,-0.017096,0.005812,-0.962688,0.270011,-200.914749,948.386230,33.544197,0.022762,-0.002560,0.906596,0.421378,-576.725281,870.679199,43.058777,0.049130,-0.018397,0.993316,0.102815,-368.015503,895.038269,956.747009
530,2.208333,-0.016594,0.006289,-0.962659,0.270135,-200.943359,948.345642,33.570095,0.022574,-0.002408,0.906631,0.421312,-576.740723,870.663696,43.048843,0.049315,-0.018136,0.993228,0.103619,-369.550995,894.422180,956.755371
531,2.212500,-0.016071,0.006741,-0.962636,0.270236,-200.973206,948.309814,33.589310,0.022357,-0.002322,0.906698,0.421180,-576.745422,870.649109,43.056198,0.049524,-0.017800,0.993147,0.104358,-371.073761,893.713501,956.723572
532,2.216667,-0.015374,0.007390,-0.962616,0.270332,-200.995468,948.261047,33.605377,0.022324,-0.002291,0.906748,0.421076,-576.754883,870.634949,43.044281,0.049714,-0.017551,0.993037,0.105347,-372.560486,893.113342,956.714355
533,2.220833,-0.014721,0.007961,-0.962578,0.270489,-201.024384,948.208374,33.629005,0.022262,-0.002279,0.906793,0.420981,-576.771423,870.635193,43.034706,0.049760,-0.017274,0.992962,0.106077,-374.146759,892.464294,956.684448
534,2.225000,-0.014047,0.008593,-0.962547,0.270615,-201.059937,948.153198,33.661125,0.022128,-0.002234,0.906805,0.420963,-576.791382,870.643433,43.030025,0.050012,-0.016905,0.992878,0.106801,-375.685944,891.793579,956.671387
535,2.229167,-0.013110,0.009478,-0.962487,0.270845,-201.085373,948.103760,33.670937,0.021901,-0.002127,0.906807,0.420972,-576.805969,870.657898,43.016876,0.050189,-0.016706,0.992787,0.107589,-377.267181,891.160339,956.619751
536,2.233333,-0.012406,0.010116,-0.962453,0.270977,-201.111801,948.063538,33.693497,0.021615,-0.001998,0.906803,0.420994,-576.832703,870.670593,43.010197,0.050299,-0.016282,0.992675,0.108630,-378.784607,890.557739,956.627563
537,2.237500,-0.011712,0.010647,-0.962399,0.271179,-201.133118,948.045959,33.751411,0.021432,-0.001893,0.906796,0.421020,-576.858582,870.682617,43.001663,0.050590,-0.016019,0.992578,0.109422,-380.312592,889.880127,956.560852
538,2.241667,-0.011511,0.010981,-0.962364,0.271298,-201.172241,947.991821,33.798641,0.021022,-0.001676,0.906781,0.421073,-576.875854,870.677612,43.002048,0.050729,-0.015842,0.992456,0.110481,-381.867188,889.269958,956.475952
539,2.245833,-0.010538,0.011799,-0.962312,0.271487,-201.230621,947.915283,33.856934,0.020782,-0.001568,0.906766,0.421120,-576.904236,870.697205,42.986504,0.050788,-0.015518,0.992359,0.111368,-383.420197,888.662842,956.452209
540,2.250000,-0.010106,0.012217,-0.962261,0.271664,-201.276291,947.849670,33.922432,0.020542,-0.001446,0.906740,0.421186,-576.931885,870.721130,42.973579,0.050964,-0.015181,0.992252,0.112292,-384.978943,888.011414,956.395447
541,2.254167,-0.008896,0.013255,-0.962187,0.271921,-201.305923,947.777161,33.981876,0.020167,-0.001273,0.906717,0.421255,-576.956848,870.742615,42.960278,0.051068,-0.014889,0.992125,0.113394,-386.512268,887.450012,956.299255
542,2.258333,-0.008337,0.013902,-0.962130,0.272108,-201.353699,947.703003,34.051880,0.019995,-0.001151,0.906679,0.421345,-576.982910,870.770142,42.956089,0.051297,-0.014575,0.992022,0.114227,-388.125061,886.794434,956.242981
543,2.262500,-0.008065,0.014255,-0.962051,0.272377,-201.353760,947.647278,34.149784,0.019622,-0.000895,0.906647,0.421432,-577.002197,870.794617,42.950733,0.051207,-0.014379,0.991899,0.115360,-389.712067,886.248108,956.139221
544,2.266667,-0.007342,0.015084,-0.961987,0.272580,-201.397049,947.557434,34.231857,0.019385,-0.000745,0.906623,0.421495,-577.023438,870.817505,42.943375,0.051426,-0.014278,0.991752,0.116532,-391.218262,885.652649,956.064331
545,2.270833,-0.006292,0.016201,-0.961875,0.272935,-201.452530,947.462708,34.329609,0.019130,-0.000654,0.906598,0.421560,-577.048889,870.846741,42.938454,0.051529,-0.014040,0.991604,0.117765,-392.819733,885.074097,955.988342
546,2.275000,-0.005108,0.017539,-0.961783,0.273202,-201.515106,947.352417,34.445972,0.018939,-0.000492,0.906575,0.421619,-577.062805,870.880066,42.930904,0.051719,-0.013715,0.991468,0.118867,-394.395203,884.510315,955.897400
547,2.279167,-0.003920,0.018872,-0.961680,0.273496,-201.574814,947.213135,34.565762,0.018736,-0.000381,0.906545,0.421694,-577.082397,870.906250,42.934647,0.051949,-0.013744,0.991309,0.120080,-395.962158,883.997925,955.804810
548,2.283333,-0.002432,0.020445,-0.961569,0.273792,-201.633682,947.062866,34.689514,0.018555,-0.000291,0.906512,0.421773,-577.101379,870.940186,42.928215,0.051916,-0.013713,0.991168,0.121256,-397.556946,883.474670,955.728943
549,2.287500,-0.001189,0.021935,-0.961445,0.274120,-201.688248,946.904907,34.839531,0.018211,-0.000049,0.906481,0.421854,-577.128662,870.979614,42.920364,0.051997,-0.013464,0.990995,0.122657,-399.148926,882.926941,955.613892
550,2.291667,0.000068,0.023568,-0.961308,0.274465,-201.756622,946.739624,34.998390,0.017984,0.000084,0.906443,0.421945,-577.157593,871.018311,42.907116,0.052131,-0.013305,0.990830,0.123938,-400.682556,882.510254,955.523865
551,2.295833,0.001614,0.025352,-0.961156,0.274833,-201.857315,946.568604,35.172180,0.017632,0.000367,0.906423,0.422002,-577.181824,871.053589,42.900703,0.052179,-0.013011,0.990669,0.125228,-402.332458,881.952637,955.465027
552,2.300000,0.002780,0.027021,-0.960959,0.275355,-201.955994,946.400818,35.349442,0.017335,0.000569,0.906406,0.422051,-577.199585,871.089783,42.895351,0.052392,-0.013113,0.990477,0.126644,-403.877258,881.530212,955.366638
553,2.304167,0.004428,0.028939,-0.960803,0.275683,-202.060989,946.206604,35.559135,0.017023,0.000764,0.906362,0.422158,-577.216125,871.123169,42.895615,0.052400,-0.012832,0.990287,0.128143,-405.412598,881.085388,955.252869
554,2.308333,0.005998,0.031004,-0.960618,0.276072,-202.173050,945.996887,35.792072,0.016824,0.000926,0.906324,0.422248,-577.234924,871.163025,42.904877,0.052464,-0.012641,0.990127,0.129370,-406.992493,880.631775,955.192383
555,2.312500,0.006999,0.032871,-0.960480,0.276314,-202.257629,945.806458,36.038727,0.016595,0.001077,0.906308,0.422290,-577.250732,871.197144,42.909706,0.052425,-0.012552,0.989916,0.130998,-408.535187,880.233093,955.078735
556,2.316667,0.008422,0.035023,-0.960360,0.276427,-202.397705,945.565552,36.275043,0.016348,0.001269,0.906315,0.422285,-577.263367,871.232788,42.913277,0.052455,-0.012646,0.989716,0.132481,-410.070282,879.743347,955.023438
557,2.320833,0.009764,0.037397,-0.960225,0.276540,-202.551636,945.302063,36.576828,0.016045,0.001490,0.906288,0.422354,-577.280579,871.260376,42.911304,0.052512,-0.012438,0.989496,0.134109,-411.521240,879.388977,954.913757
558,2.325000,0.011418,0.040046,-0.960087,0.276584,-202.677750,945.008728,36.928928,0.015765,0.001705,0.906276,0.422388,-577.300537,871.293884,42.907814,0.052525,-0.012426,0.989309,0.135476,-413.076202,878.891479,954.837219
559,2.329167,0.013162,0.042559,-0.959983,0.276493,-202.776489,944.738403,37.272148,0.015454,0.001896,0.906262,0.422429,-577.314270,871.325439,42.902283,0.052383,-0.012384,0.989085,0.137163,-414.512665,878.592957,954.746765
560,2.333333,0.015266,0.045405,-0.959908,0.276193,-202.875198,944.474854,37.676147,0.015200,0.002096,0.906242,0.422482,-577.325745,871.355042,42.901939,0.052295,-0.012395,0.988908,0.138463,-416.008057,878.148865,954.703003
561,2.337500,0.017535,0.048478,-0.959795,0.275929,-202.976135,944.203491,38.058559,0.015002,0.002230,0.906215,0.422544,-577.348572,871.383362,42.895435,0.051981,-0.012292,0.988715,0.139961,-417.446381,877.779297,954.649109
562,2.341667,0.017808,0.050464,-0.959762,0.275670,-203.151611,943.857056,38.538879,0.014730,0.002438,0.906197,0.422592,-577.365540,871.408630,42.890488,0.051967,-0.012239,0.988508,0.141424,-418.872772,877.361328,954.577637
563,2.345833,0.018860,0.053254,-0.959723,0.275209,-203.313263,943.538330,39.045609,0.014499,0.002578,0.906165,0.422667,-577.381470,871.438354,42.885117,0.051830,-0.011995,0.988298,0.142957,-420.257416,877.014587,954.524841
564,2.350000,0.019800,0.056352,-0.959665,0.274727,-203.494186,943.169312,39.581615,0.014309,0.002701,0.906138,0.422731,-577.397522,871.473450,42.882904,0.053644,-0.011320,0.987955,0.144707,-421.333984,876.721924,954.055298
565,2.354167,0.020776,0.059834,-0.959579,0.274219,-203.677414,942.744629,40.189598,0.014040,0.002890,0.906106,0.422809,-577.409668,871.497925,42.880581,0.051490,-0.011606,0.987873,0.146020,-422.970276,876.266724,954.441528
566,2.358333,0.021939,0.063596,-0.959529,0.273455,-203.820923,942.317810,40.794956,0.013831,0.003042,0.906089,0.422851,-577.428650,871.533142,42.874672,0.051250,-0.011500,0.987677,0.147430,-424.315186,875.799072,954.386719
567,2.362500,0.023363,0.066847,-0.959459,0.272808,-203.987122,941.877747,41.480583,0.013590,0.003181,0.906038,0.422967,-577.441833,871.558350,42.868229,0.053147,-0.010753,0.987281,0.149453,-425.289551,875.633484,953.955750
568,2.366667,0.024677,0.070123,-0.959445,0.271916,-204.170914,941.357361,42.211143,0.013441,0.003293,0.906005,0.423041,-577.454346,871.584106,42.864723,0.053079,-0.010563,0.987076,0.150836,-426.541077,875.336304,953.947693
569,2.370833,0.026346,0.073802,-0.959481,0.270659,-204.364182,940.875793,42.909901,0.013271,0.003398,0.905953,0.423156,-577.468262,871.619629,42.866753,0.052629,-0.010417,0.986916,0.152046,-427.804657,874.995239,953.943237
570,2.375000,0.028799,0.077995,-0.959484,0.269218,-204.542938,940.336121,43.730202,0.013062,0.003559,0.905924,0.423223,-577.483032,871.647095,42.861515,0.052547,-0.010408,0.986718,0.153357,-429.076233,874.681641,953.962036
571,2.379167,0.031147,0.081632,-0.959580,0.267532,-204.721283,939.774902,44.523224,0.012901,0.003712,0.905899,0.423281,-577.491577,871.677307,42.860485,0.052119,-0.010208,0.986539,0.154660,-430.249817,874.331055,953.966370
572,2.383333,0.034012,0.085838,-0.959715,0.265373,-204.915771,939.151733,45.378452,0.012757,0.003796,0.905856,0.423376,-577.502319,871.701355,42.862816,0.051738,-0.010017,0.986352,0.155991,-431.419037,874.001587,954.023254
573,2.387500,0.037190,0.090270,-0.959829,0.263051,-205.127960,938.474182,46.316017,0.012616,0.003917,0.905831,0.423433,-577.508484,871.725220,42.858307,0.051290,-0.009920,0.986188,0.157174,-432.566040,873.693787,954.071167
574,2.391667,0.040903,0.094439,-0.960024,0.260310,-205.298279,937.772095,47.267902,0.012481,0.003992,0.905790,0.423525,-577.516296,871.743896,42.860161,0.050797,-0.009485,0.986065,0.158132,-433.692505,873.351807,954.119019
575,2.395833,0.044830,0.098482,-0.960265,0.257261,-205.499130,936.990112,48.258057,0.012313,0.004091,0.905754,0.423604,-577.523438,871.769897,42.862289,0.050251,-0.009310,0.985927,0.159174,-434.781433,873.069824,954.206726
576,2.400000,0.048840,0.102831,-0.960471,0.254039,-205.719330,936.145386,49.308064,0.012164,0.004208,0.905740,0.423639,-577.526001,871.784363,42.858837,0.049388,-0.008978,0.985801,0.160240,-435.870605,872.733765,954.319824
577,2.404167,0.053601,0.107164,-0.960640,0.250627,-205.952911,935.320129,50.363392,0.012083,0.004276,0.905704,0.423717,-577.533813,871.801636,42.863277,0.048856,-0.008766,0.985699,0.161042,-436.925262,872.432129,954.395142
578,2.408333,0.057923,0.111924,-0.960903,0.246542,-206.175888,934.392578,51.365879,0.011947,0.004357,0.905670,0.423792,-577.538147,871.826843,42.869137,0.048433,-0.008553,0.985557,0.162042,-437.965027,872.160217,954.483032
579,2.412500,0.061886,0.116414,-0.961187,0.242358,-206.426941,933.380371,52.352055,0.011843,0.004438,0.905653,0.423831,-577.537537,871.836975,42.866535,0.047021,-0.008379,0.985507,0.162773,-438.865265,872.060791,954.750427
580,2.416667,0.065370,0.120807,-0.961595,0.237628,-206.707306,932.281799,53.342831,0.011762,0.004517,0.905620,0.423902,-577.542664,871.858948,42.868248,0.046475,-0.008087,0.985377,0.163729,-439.832367,871.705200,954.846375
581,2.420833,0.068899,0.125231,-0.962046,0.232462,-206.976028,931.148071,54.320343,0.011690,0.004532,0.905598,0.423951,-577.545959,871.869995,42.874454,0.045785,-0.007980,0.985224,0.164843,-440.791840,871.453369,954.954834
582,2.425000,0.071940,0.129136,-0.962687,0.226678,-207.341782,929.948364,55.230953,0.011623,0.004604,0.905573,0.424006,-577.542114,871.885254,42.869148,0.045067,-0.007682,0.985072,0.165960,-441.758392,871.107605,955.082275
583,2.429167,0.073296,0.132151,-0.963583,0.220618,-207.733749,928.657288,56.240337,0.011505,0.004698,0.905546,0.424065,-577.542847,871.901489,42.870789,0.044519,-0.007399,0.984933,0.166942,-442.596375,870.813599,955.207764
584,2.433333,0.074057,0.134445,-0.964804,0.213528,-208.280167,927.194946,57.181919,0.011414,0.004729,0.905527,0.424109,-577.541565,871.910706,42.870396,0.043928,-0.007428,0.984771,0.168051,-443.560181,870.483459,955.315918
585,2.437500,0.073175,0.136493,-0.966340,0.205434,-208.935715,925.634094,58.107159,0.011326,0.004789,0.905495,0.424180,-577.543823,871.926392,42.873535,0.043441,-0.007278,0.984588,0.169253,-444.428009,870.194092,955.415405
586,2.441667,0.071987,0.138181,-0.968065,0.196402,-209.637833,923.934692,58.980881,0.011251,0.004814,0.905484,0.424205,-577.541748,871.937622,42.872364,0.042917,-0.007061,0.984407,0.170446,-445.194824,869.943054,955.503723
587,2.445833,0.071272,0.140257,-0.969892,0.185898,-210.466156,922.158875,59.747334,0.011239,0.004818,0.905451,0.424274,-577.540100,871.948975,42.864120,0.042500,-0.007015,0.984228,0.171579,-446.058167,869.581360,955.602051
588,2.450000,0.069084,0.140781,-0.972118,0.174340,-211.431870,920.006592,60.465954,0.011188,0.004867,0.905410,0.424362,-577.543030,871.961243,42.870506,0.041982,-0.006909,0.984026,0.172864,-446.887665,869.300903,955.685547
589,2.454167,0.066673,0.141307,-0.974332,0.162062,-212.562897,917.716309,61.139816,0.011105,0.004914,0.905391,0.424404,-577.544800,871.968201,42.869080,0.041425,-0.006893,0.983842,0.174042,-447.656708,869.029724,955.764771
590,2.458333,0.065141,0.142026,-0.976388,0.149173,-213.730286,915.399109,61.803146,0.011070,0.004922,0.905368,0.424456,-577.550232,871.975098,42.869545,0.041177,-0.006909,0.983660,0.175126,-448.401764,868.658386,955.818298
591,2.462500,0.063573,0.142741,-0.978363,0.135606,-215.074310,912.930725,62.406750,0.011062,0.004922,0.905345,0.424505,-577.560059,871.970825,42.866386,0.040468,-0.006792,0.983437,0.176544,-449.144806,868.333435,955.961121
592,2.466667,0.061851,0.142942,-0.980264,0.121754,-216.434906,910.362915,62.999664,0.011089,0.004867,0.905297,0.424607,-577.568604,871.965881,42.859909,0.039811,-0.006874,0.983216,0.177917,-449.859711,868.069702,956.055481
593,2.470833,0.060238,0.143047,-0.981994,0.107691,-217.918900,907.702637,63.529430,0.011089,0.004858,0.905261,0.424683,-577.561218,871.977234,42.858997,0.039322,-0.006943,0.983005,0.179186,-450.545776,867.755127,956.138062
594,2.475000,0.058250,0.142782,-0.983570,0.093861,-219.388290,905.008789,63.980034,0.010993,0.004892,0.905215,0.424783,-577.552002,871.985962,42.858601,0.038952,-0.006971,0.982785,0.180465,-451.246277,867.403503,956.222717
595,2.479167,0.056759,0.142362,-0.984933,0.080113,-220.873688,902.260925,64.428123,0.010998,0.004883,0.905189,0.424840,-577.543701,871.997681,42.854500,0.038227,-0.006946,0.982572,0.181774,-451.912140,867.071594,956.348694
596,2.483333,0.055249,0.141695,-0.986128,0.066499,-222.376602,899.509033,64.798996,0.011117,0.004804,0.905149,0.424921,-577.546387,872.007690,42.847507,0.037490,-0.006987,0.982334,0.183209,-452.557373,866.761780,956.473206
597,2.487500,0.052743,0.141063,-0.987149,0.053439,-223.952393,896.672485,65.120224,0.011152,0.004802,0.905105,0.425014,-577.543091,872.006958,42.847038,0.037069,-0.007077,0.982098,0.184554,-453.200684,866.385986,956.531677
598,2.491667,0.051165,0.139999,-0.988013,0.040153,-225.538986,893.865173,65.381943,0.011116,0.004772,0.905066,0.425099,-577.538452,872.001038,42.840061,0.036251,-0.007100,0.981885,0.185843,-453.845734,866.031799,956.685608
599,2.495833,0.048972,0.137766,-0.988861,0.027867,-227.043945,890.828064,65.774818,0.011163,0.004728,0.905007,0.425223,-577.531738,872.007446,42.839005,0.035588,-0.007175,0.981641,0.187252,-454.443542,865.669739,956.805359
600,2.500000,0.046737,0.137117,-0.989335,0.015175,-228.593948,887.974426,65.878815,0.011272,0.004681,0.904958,0.425326,-577.522644,872.006897,42.836906,0.035016,-0.007289,0.981370,0.188770,-455.025879,865.345276,956.917053
601,2.504167,0.041628,0.135332,-0.989918,0.003953,-230.203766,884.763550,66.058212,0.011328,0.004590,0.904903,0.425443,-577.511108,872.008789,42.830780,0.034355,-0.007376,0.981119,0.190187,-455.583160,865.020996,957.032288
602,2.508333,0.039618,0.134214,-0.990124,-0.008462,-231.857361,881.735413,66.057236,0.011334,0.004530,0.904858,0.425539,-577.506104,872.013489,42.826519,0.033613,-0.007374,0.980882,0.191539,-456.149170,864.594482,957.168152
603,2.512500,0.036985,0.132596,-0.990278,-0.019999,-233.404968,878.611084,66.074478,0.011425,0.004483,0.904808,0.425643,-577.497620,872.012085,42.825790,0.032909,-0.007630,0.980623,0.192969,-456.687286,864.178101,957.303467
604,2.516667,0.035031,0.130969,-0.990250,-0.032020,-235.023331,875.489014,66.025650,0.011419,0.004449,0.904746,0.425775,-577.488892,872.010315,42.817036,0.032235,-0.007695,0.980364,0.194393,-457.183990,863.846436,957.397400
605,2.520833,0.032653,0.129134,-0.990129,-0.043616,-236.641769,872.229980,65.958015,0.011475,0.004417,0.904685,0.425903,-577.481567,872.006714,42.817909,0.031763,-0.007642,0.980100,0.195800,-457.683197,863.451965,957.461914
606,2.525000,0.031093,0.127222,-0.989843,-0.055307,-238.208572,868.941589,65.855560,0.011532,0.004335,0.904624,0.426032,-577.471191,872.001404,42.813454,0.031190,-0.007617,0.979833,0.197223,-458.168762,863.064270,957.569092
607,2.529167,0.029778,0.126209,-0.989267,-0.067341,-239.885986,865.649536,65.577339,0.011605,0.004237,0.904571,0.426143,-577.465454,872.007141,42.806702,0.030493,-0.007721,0.979577,0.198596,-458.655273,862.681091,957.709045
608,2.533333,0.028037,0.124350,-0.988722,-0.078617,-241.406418,862.252563,65.368561,0.011632,0.004170,0.904537,0.426216,-577.450928,872.001221,42.809666,0.029877,-0.007866,0.979321,0.199940,-459.145508,862.252502,957.799805
609,2.537500,0.026370,0.122112,-0.988132,-0.089384,-242.919449,858.754578,65.141945,0.011654,0.004150,0.904458,0.426383,-577.448914,871.998901,42.802357,0.029406,-0.008015,0.979041,0.201370,-459.564331,861.843445,957.896851
610,2.541667,0.023585,0.119465,-0.987548,-0.099601,-244.392197,855.216858,64.948486,0.011706,0.004074,0.904401,0.426504,-577.437866,871.991394,42.802750,0.028886,-0.007971,0.978794,0.202644,-460.019958,861.384705,958.023315
611,2.545833,0.023196,0.116260,-0.986759,-0.110689,-246.021378,851.640076,64.797562,0.011786,0.004012,0.904344,0.426622,-577.432800,871.991272,42.797447,0.028275,-0.007874,0.978523,0.204038,-460.452942,860.926697,958.140625
612,2.550000,0.022080,0.114734,-0.985738,-0.121120,-247.271591,848.095032,64.240021,0.011846,0.003921,0.904295,0.426725,-577.425781,871.997681,42.789948,0.027634,-0.007777,0.978267,0.205352,-460.864288,860.469788,958.227600
613,2.554167,0.019884,0.112235,-0.984838,-0.130778,-248.649658,844.380920,63.921520,0.011820,0.003927,0.904241,0.426841,-577.418213,871.996582,42.786602,0.027205,-0.007819,0.978023,0.206567,-461.244873,860.041687,958.310791
614,2.558333,0.018843,0.109414,-0.983818,-0.140627,-250.013382,840.662048,63.529545,0.011879,0.003877,0.904182,0.426964,-577.413757,872.001160,42.780754,0.027429,-0.007908,0.977658,0.208255,-461.680725,859.533875,958.315979
615,2.562500,0.015977,0.105604,-0.983052,-0.148997,-251.601898,836.976135,63.140438,0.011990,0.003773,0.904139,0.427054,-577.414429,872.005493,42.779812,0.026360,-0.008024,0.977410,0.209548,-462.085480,859.018555,958.526428
616,2.566667,0.015270,0.102819,-0.981904,-0.158306,-252.935532,833.138184,62.651642,0.012038,0.003698,0.904087,0.427163,-577.406067,872.001770,42.769615,0.025785,-0.007981,0.977165,0.210762,-462.448090,858.560730,958.649597
617,2.570833,0.014027,0.099533,-0.980790,-0.167176,-254.287537,829.148621,62.245258,0.011969,0.003705,0.904046,0.427252,-577.404297,872.002747,42.774315,0.025456,-0.008025,0.976901,0.212021,-462.788849,858.077881,958.712463
618,2.575000,0.013628,0.096036,-0.979615,-0.175912,-255.702972,825.218506,61.712463,0.011983,0.003671,0.904006,0.427336,-577.402588,872.006409,42.770092,0.024991,-0.008172,0.976613,0.213390,-463.095917,857.572815,958.827148
619,2.579167,0.013518,0.092736,-0.978377,-0.184379,-257.024170,821.165039,61.149780,0.012025,0.003644,0.903959,0.427435,-577.399414,872.011597,42.765347,0.024539,-0.008064,0.976385,0.214488,-463.439392,857.025574,958.924255
620,2.583333,0.012885,0.089692,-0.977108,-0.192482,-258.365936,817.118103,60.541092,0.012054,0.003585,0.903919,0.427518,-577.398438,872.010620,42.756744,0.023894,-0.008011,0.976185,0.215473,-463.783020,856.464233,959.021362
621,2.587500,0.013381,0.085725,-0.976037,-0.199560,-259.909973,813.086487,59.858814,0.012083,0.003524,0.903890,0.427581,-577.394897,872.017578,42.755814,0.023542,-0.008060,0.975939,0.216617,-464.114258,855.948425,959.104919
622,2.591667,0.016677,0.082319,-0.974542,-0.207879,-261.182068,809.034912,59.103119,0.012056,0.003520,0.903850,0.427666,-577.394775,872.024841,42.752266,0.023355,-0.008147,0.975686,0.217772,-464.438080,855.466492,959.177673
623,2.595833,0.017248,0.079395,-0.973242,-0.214939,-262.590088,804.835999,58.405327,0.012056,0.003572,0.903802,0.427766,-577.393555,872.027771,42.746975,0.023103,-0.008311,0.975410,0.219028,-464.748688,854.975464,959.250000
624,2.600000,0.016716,0.075757,-0.972062,-0.221533,-264.095642,800.544250,57.806499,0.012007,0.003524,0.903766,0.427843,-577.390198,872.033386,42.743008,0.022551,-0.008457,0.975155,0.220210,-465.050568,854.448486,959.362183
625,2.604167,0.017000,0.070516,-0.970790,-0.228702,-265.539001,796.331360,57.348934,0.012034,0.003511,0.903726,0.427928,-577.386353,872.041870,42.735569,0.022106,-0.008493,0.974934,0.221231,-465.392181,853.871521,959.436462
626,2.608333,0.017328,0.066677,-0.969506,-0.235184,-267.128387,791.978760,56.722088,0.012049,0.003473,0.903686,0.428011,-577.386963,872.048279,42.732159,0.021731,-0.008520,0.974701,0.222289,-465.721924,853.321960,959.514404
627,2.612500,0.016672,0.063004,-0.968276,-0.241234,-268.788239,787.596191,56.086014,0.012026,0.003463,0.903644,0.428101,-577.389465,872.052917,42.732334,0.021626,-0.008680,0.974446,0.223410,-466.017181,852.803284,959.557617
628,2.616667,0.015877,0.058812,-0.967133,-0.246867,-270.602905,783.209412,55.440514,0.012011,0.003459,0.903603,0.428188,-577.389221,872.058167,42.727814,0.021543,-0.008969,0.974151,0.224691,-466.308044,852.273560,959.588806
629,2.620833,0.014844,0.055105,-0.965867,-0.252672,-272.477417,778.767578,54.782394,0.011981,0.003474,0.903549,0.428303,-577.392090,872.071655,42.726913,0.021321,-0.009055,0.973874,0.225905,-466.625702,851.688843,959.632874
630,2.625000,0.013766,0.050924,-0.964516,-0.258700,-274.458374,774.384094,54.103119,0.011972,0.003428,0.903522,0.428360,-577.387207,872.077148,42.722431,0.020715,-0.009030,0.973660,0.226881,-466.947235,851.116882,959.708069
631,2.629167,0.012307,0.047016,-0.963200,-0.264357,-276.553497,770.016602,53.435902,0.011914,0.003423,0.903466,0.428482,-577.390564,872.087524,42.718288,0.020489,-0.009091,0.973413,0.227957,-467.280701,850.512085,959.750183
632,2.633333,0.010933,0.043356,-0.961873,-0.269817,-278.715759,765.639709,52.687603,0.011862,0.003475,0.903407,0.428606,-577.401489,872.105286,42.712399,0.020514,-0.009249,0.973121,0.229191,-467.604736,849.909546,959.744934
633,2.637500,0.008354,0.039826,-0.960488,-0.275333,-281.040436,761.291138,51.951180,0.011838,0.003551,0.903339,0.428750,-577.412170,872.108032,42.704185,0.020493,-0.009523,0.972804,0.230526,-467.895203,849.374939,959.756836
634,2.641667,0.006260,0.036413,-0.959051,-0.280813,-283.576660,756.925720,51.171173,0.011771,0.003569,0.903301,0.428831,-577.414856,872.106934,42.696045,0.020486,-0.009592,0.972519,0.231724,-468.198273,848.820312,959.739258
635,2.645833,-0.000919,0.033900,-0.958244,-0.283934,-286.343353,752.152344,50.537247,0.011732,0.003630,0.903239,0.428963,-577.424500,872.109436,42.695267,0.020099,-0.009597,0.972270,0.232797,-468.562592,848.168701,959.761169
636,2.650000,-0.002575,0.030933,-0.956444,-0.290262,-288.971954,748.149536,49.647877,0.011772,0.003610,0.903188,0.429069,-577.426941,872.116821,42.679386,0.020018,-0.009549,0.972012,0.233880,-468.907562,847.545654,959.787598
637,2.654167,-0.005943,0.028664,-0.954871,-0.295575,-291.812927,744.017456,48.835888,0.011648,0.003256,0.903213,0.429022,-577.399780,872.172058,42.706657,0.020033,-0.009708,0.971699,0.235170,-469.220093,846.949036,959.823730
638,2.658333,-0.009453,0.026180,-0.953029,-0.301597,-294.747162,739.832458,48.035645,0.011585,0.003228,0.903147,0.429162,-577.391785,872.193115,42.707615,0.019944,-0.010025,0.971369,0.236525,-469.534576,846.362793,959.848938
639,2.662500,-0.013699,0.023935,-0.951465,-0.306520,-297.941223,735.627258,47.152431,0.011800,0.003045,0.903060,0.429342,-577.407471,872.221558,42.705154,0.019835,-0.010186,0.971094,0.237654,-469.897888,845.654053,959.785828
640,2.666667,-0.017328,0.021799,-0.949531,-0.312434,-301.072479,731.612305,46.262379,0.011778,0.003059,0.903014,0.429439,-577.406555,872.230591,42.696953,0.019621,-0.010326,0.970794,0.238888,-470.207550,845.061462,959.795776
641,2.670833,-0.020645,0.020189,-0.947488,-0.318486,-304.221771,727.596558,45.338070,0.011769,0.003012,0.902971,0.429530,-577.406250,872.237488,42.692402,0.019725,-0.010458,0.970462,0.240218,-470.520416,844.439880,959.799438
642,2.675000,-0.023748,0.018510,-0.945346,-0.324677,-307.338806,723.693848,44.561283,0.011767,0.002988,0.902911,0.429656,-577.408020,872.246704,42.685207,0.019853,-0.010502,0.970090,0.241706,-470.843079,843.847595,959.844788
643,2.679167,-0.027604,0.017832,-0.943618,-0.329402,-310.481628,719.806824,43.893642,0.011855,0.002872,0.902852,0.429777,-577.407898,872.255249,42.678341,0.019777,-0.010731,0.969764,0.243004,-471.174164,843.217163,959.858215
644,2.683333,-0.030159,0.017773,-0.942064,-0.333601,-313.754425,716.123413,43.393200,0.011814,0.002844,0.902790,0.429911,-577.409912,872.264343,42.668499,0.019699,-0.011004,0.969411,0.244402,-471.458252,842.572876,959.792542
645,2.687500,-0.032945,0.018317,-0.940822,-0.336800,-316.889191,712.379761,42.920486,0.011692,0.002846,0.902730,0.430039,-577.409241,872.266235,42.653217,0.019706,-0.011253,0.969065,0.245759,-471.757233,841.967102,959.792847
646,2.691667,-0.034752,0.017030,-0.939750,-0.339664,-320.024475,708.728943,42.636856,0.011764,0.002804,0.902686,0.430129,-577.411743,872.272339,42.645306,0.019738,-0.011328,0.968727,0.247083,-472.091461,841.285950,959.762878
647,2.695833,-0.036333,0.015341,-0.938879,-0.341980,-323.015167,705.090576,42.270164,0.011713,0.002776,0.902632,0.430245,-577.410400,872.275818,42.637089,0.019821,-0.011303,0.968389,0.248398,-472.385040,840.650818,959.752014
648,2.700000,-0.037230,0.013962,-0.938277,-0.343593,-325.744049,701.372375,41.804550,0.011821,0.002594,0.902568,0.430377,-577.417175,872.272461,42.625656,0.019593,-0.011483,0.968081,0.249605,-472.694000,840.004883,959.775940
649,2.704167,-0.037485,0.012786,-0.937710,-0.345155,-328.336792,697.764648,41.300365,0.011882,0.002452,0.902483,0.430555,-577.430908,872.264893,42.610268,0.019774,-0.011560,0.967748,0.250875,-472.955719,839.372559,959.724854
650,2.708333,-0.036332,0.011795,-0.937172,-0.346770,-330.834045,694.260376,40.826019,0.011886,0.002374,0.902411,0.430705,-577.428162,872.275024,42.597851,0.019923,-0.011604,0.967429,0.252091,-473.227448,838.706604,959.679810
651,2.712500,-0.034676,0.010945,-0.936996,-0.347443,-333.181793,690.979614,40.385483,0.011922,0.002305,0.902326,0.430883,-577.434998,872.264282,42.590439,0.020141,-0.011400,0.967086,0.253397,-473.494354,838.034729,959.609070
652,2.716667,-0.032475,0.010065,-0.936814,-0.348173,-335.373627,687.884277,39.940228,0.012092,0.002129,0.902236,0.431069,-577.460999,872.254944,42.591400,0.020031,-0.011283,0.966749,0.254693,-473.722351,837.404358,959.635986
653,2.720833,-0.029103,0.008986,-0.936737,-0.348705,-337.434052,685.073792,39.553856,0.012040,0.002077,0.902255,0.431030,-577.430115,872.262329,42.571171,0.019852,-0.011386,0.966433,0.255896,-473.932922,836.781860,959.619507
654,2.725000,-0.025496,0.008243,-0.936828,-0.348762,-339.274475,682.440552,39.179024,0.012147,0.002182,0.902240,0.431057,-577.409790,872.291138,42.590630,0.019744,-0.011550,0.966146,0.256981,-474.172546,836.145081,959.628357
655,2.729167,-0.022531,0.007832,-0.937063,-0.348345,-340.929474,680.058167,38.862930,0.012284,0.002083,0.902163,0.431215,-577.407898,872.292236,42.590729,0.019715,-0.011531,0.965791,0.258313,-474.354980,835.532654,959.659546
656,2.733333,-0.020049,0.007929,-0.937502,-0.347311,-342.267487,677.970276,38.616322,0.012443,0.001962,0.902110,0.431322,-577.402344,872.292358,42.592587,0.020003,-0.011346,0.965504,0.259369,-474.553833,834.881531,959.614990
657,2.737500,-0.018222,0.007904,-0.937970,-0.346148,-343.440521,676.183105,38.503551,0.012508,0.001869,0.902074,0.431396,-577.401062,872.274231,42.588161,0.020016,-0.011394,0.965260,0.260274,-474.776031,834.222839,959.586853
658,2.741667,-0.017148,0.007821,-0.938554,-0.344617,-344.395264,674.717529,38.499710,0.012669,0.001647,0.902034,0.431476,-577.399048,872.259277,42.575260,0.020132,-0.011337,0.964973,0.261331,-474.924194,833.627686,959.592346
659,2.745833,-0.016250,0.008045,-0.939244,-0.342770,-345.144714,673.530762,38.464108,0.012762,0.001510,0.901989,0.431568,-577.393494,872.237488,42.577793,0.019990,-0.011247,0.964713,0.262303,-475.101624,833.043335,959.613342
660,2.750000,-0.015955,0.008372,-0.939954,-0.340826,-345.736145,672.638062,38.480297,0.012947,0.001329,0.901932,0.431682,-577.384460,872.224487,42.572910,0.019584,-0.011157,0.964441,0.263336,-475.260376,832.444946,959.688904
661,2.754167,-0.015221,0.008680,-0.940668,-0.338875,-346.178558,671.994873,38.483925,0.013153,0.001066,0.901883,0.431780,-577.373596,872.191467,42.566364,0.019351,-0.010883,0.964179,0.264321,-475.413116,831.868103,959.805420
662,2.758333,-0.014859,0.009238,-0.941354,-0.336968,-346.490265,671.594543,38.510349,0.013302,0.000903,0.901813,0.431921,-577.365112,872.177124,42.559734,0.019415,-0.010654,0.963922,0.265261,-475.561920,831.277222,959.834717
663,2.762500,-0.014336,0.009471,-0.941975,-0.335242,-346.700287,671.420166,38.516697,0.013525,0.000649,0.901732,0.432083,-577.361816,872.159973,42.557838,0.019367,-0.010415,0.963676,0.266168,-475.717163,830.698547,959.891663
664,2.766667,-0.013923,0.009876,-0.942583,-0.333535,-346.785797,671.414307,38.563057,0.013625,0.000491,0.901668,0.432215,-577.352478,872.131165,42.553379,0.019450,-0.010108,0.963387,0.267216,-475.840668,830.111084,959.909790
665,2.770833,-0.013128,0.010253,-0.943092,-0.332115,-346.776001,671.536316,38.655792,0.013783,0.000350,0.901600,0.432351,-577.340454,872.109009,42.559044,0.019163,-0.009909,0.963127,0.268182,-475.949188,829.590027,960.046570
666,2.775000,-0.013636,0.010133,-0.943442,-0.331101,-346.706146,671.796692,38.695827,0.013973,0.000110,0.901545,0.432459,-577.328308,872.082275,42.551434,0.018942,-0.009639,0.962904,0.269005,-476.081085,829.066162,960.148865
667,2.779167,-0.014209,0.009508,-0.943657,-0.330482,-346.597839,672.126709,38.773636,0.014299,-0.000161,0.901473,0.432600,-577.320251,872.061523,42.568340,0.018670,-0.009296,0.962692,0.269794,-476.211182,828.506287,960.244263
668,2.783333,-0.013730,0.008616,-0.943843,-0.329996,-346.486542,672.466797,38.912067,0.014656,-0.000254,0.901378,0.432784,-577.310303,872.048279,42.591877,0.018697,-0.008951,0.962428,0.270746,-476.308411,827.936218,960.329163
669,2.787500,-0.012954,0.007857,-0.944048,-0.329462,-346.366333,672.789978,39.033089,0.014771,-0.000426,0.901294,0.432956,-577.296265,872.045471,42.585472,0.018575,-0.008622,0.962199,0.271577,-476.394836,827.369507,960.441345
670,2.791667,-0.011897,0.006610,-0.944197,-0.329099,-346.245667,673.092957,39.190639,0.015159,-0.000653,0.901232,0.433071,-577.287415,872.032715,42.594761,0.018327,-0.008317,0.962020,0.272238,-476.528046,826.756775,960.550781
671,2.795833,-0.010808,0.005658,-0.944443,-0.328447,-346.109436,673.338318,39.282837,0.015333,-0.000863,0.901183,0.433167,-577.281982,872.007629,42.590443,0.018200,-0.008067,0.961805,0.273010,-476.610168,826.180542,960.681152
672,2.800000,-0.010374,0.005189,-0.944714,-0.327691,-345.925781,673.509888,39.284279,0.015497,-0.001069,0.901121,0.433288,-577.275940,871.980469,42.581818,0.018211,-0.007778,0.961613,0.273693,-476.697632,825.574341,960.745056
673,2.804167,-0.009098,0.003694,-0.944648,-0.327938,-345.961578,673.676697,39.402054,0.015628,-0.001265,0.901061,0.433409,-577.271057,871.966370,42.581150,0.018241,-0.007598,0.961396,0.274458,-476.739532,824.976746,960.810547
674,2.808333,-0.006772,0.002643,-0.944664,-0.327960,-346.005707,673.760315,39.496468,0.015812,-0.001435,0.901024,0.433478,-577.258911,871.943359,42.577507,0.018359,-0.007438,0.961141,0.275345,-476.762268,824.404724,960.874817
675,2.812500,-0.004806,0.001664,-0.944615,-0.328140,-346.084717,673.800964,39.562725,0.015967,-0.001689,0.900948,0.433630,-577.234741,871.889343,42.557587,0.018527,-0.007459,0.960937,0.276046,-476.800079,823.757874,960.906311
676,2.816667,-0.002973,0.000706,-0.944525,-0.328424,-346.203705,673.803894,39.603760,0.015930,-0.001787,0.900905,0.433721,-577.228455,871.869812,42.547722,0.018557,-0.007379,0.960739,0.276734,-476.836639,823.105530,960.926270
677,2.820833,-0.001356,-0.000142,-0.944419,-0.328742,-346.315247,673.781128,39.610493,0.016163,-0.001993,0.900866,0.433792,-577.216431,871.853394,42.545135,0.018767,-0.007307,0.960506,0.277530,-476.825226,822.451477,960.932556
678,2.825000,0.000028,-0.000783,-0.944384,-0.328843,-346.390411,673.751160,39.576435,0.016418,-0.002139,0.900825,0.433867,-577.217712,871.850281,42.556431,0.018852,-0.007120,0.960331,0.278134,-476.818695,821.804016,960.957764
679,2.829167,0.001612,-0.001540,-0.944347,-0.328942,-346.459961,673.719055,39.565620,0.016523,-0.002215,0.900786,0.433943,-577.211182,871.839722,42.552944,0.018922,-0.007126,0.960182,0.278641,-476.832855,821.124451,960.945557
680,2.833333,0.003195,-0.002298,-0.944315,-0.329019,-346.506714,673.707275,39.555229,0.016700,-0.002378,0.900756,0.433999,-577.203796,871.828369,42.556934,0.018972,-0.007254,0.960022,0.279186,-476.818390,820.432190,960.930298
681,2.837500,0.004491,-0.002970,-0.944322,-0.328978,-346.534912,673.705322,39.534515,0.016785,-0.002488,0.900707,0.434096,-577.196472,871.817139,42.550644,0.019369,-0.007368,0.959833,0.279806,-476.795746,819.674805,960.852478
682,2.841667,0.005663,-0.003664,-0.944344,-0.328891,-346.537537,673.721985,39.516563,0.016898,-0.002591,0.900674,0.434159,-577.189697,871.807556,42.547974,0.019732,-0.007304,0.959693,0.280261,-476.804718,818.902466,960.758911
683,2.845833,0.006671,-0.004264,-0.944387,-0.328741,-346.538177,673.738159,39.508705,0.017079,-0.002600,0.900645,0.434212,-577.175049,871.796326,42.564178,0.019792,-0.007537,0.959538,0.280780,-476.780365,818.200195,960.717041
684,2.850000,0.007497,-0.004702,-0.944443,-0.328557,-346.537750,673.763794,39.488132,0.017108,-0.002568,0.900596,0.434314,-577.155029,871.793091,42.563507,0.020184,-0.007641,0.959336,0.281441,-476.730011,817.512390,960.630920
685,2.854167,0.008211,-0.005105,-0.944481,-0.328423,-346.546326,673.798340,39.473129,0.017477,-0.002702,0.900527,0.434441,-577.156616,871.795898,42.593418,0.020451,-0.007812,0.959148,0.282056,-476.686066,816.778931,960.525574
686,2.858333,0.008970,-0.005422,-0.944529,-0.328260,-346.546204,673.834106,39.452171,0.017705,-0.002792,0.900503,0.434481,-577.144653,871.794128,42.600319,0.020713,-0.008026,0.958981,0.282600,-476.671753,816.017334,960.427734
687,2.862500,0.009653,-0.005707,-0.944580,-0.328091,-346.541199,673.869263,39.428497,0.017897,-0.002938,0.900465,0.434551,-577.136353,871.778625,42.594181,0.020980,-0.008102,0.958816,0.283135,-476.622253,815.277893,960.340942
688,2.866667,0.010316,-0.005977,-0.944646,-0.327874,-346.538544,673.909363,39.420437,0.017977,-0.002996,0.900438,0.434603,-577.127258,871.767517,42.592342,0.021202,-0.008217,0.958654,0.283665,-476.583954,814.523621,960.228943
689,2.870833,0.010544,-0.006266,-0.944715,-0.327663,-346.493927,673.946228,39.390484,0.018112,-0.003092,0.900401,0.434673,-577.116760,871.754272,42.595325,0.021404,-0.008528,0.958481,0.284224,-476.532471,813.790222,960.120300
690,2.875000,0.011009,-0.006430,-0.944782,-0.327452,-346.468475,673.969299,39.366791,0.018326,-0.003198,0.900368,0.434731,-577.106812,871.739441,42.600124,0.021578,-0.008780,0.958294,0.284832,-476.493011,813.082642,960.007629
691,2.879167,0.011296,-0.006624,-0.944846,-0.327252,-346.437012,673.989563,39.335896,0.018559,-0.003326,0.900337,0.434785,-577.093140,871.737793,42.602062,0.021697,-0.008990,0.958131,0.285366,-476.421570,812.436646,959.927429
692,2.883333,0.011499,-0.006790,-0.944893,-0.327108,-346.401855,674.004333,39.313766,0.018744,-0.003493,0.900304,0.434845,-577.078003,871.718262,42.602768,0.021542,-0.009149,0.957991,0.285841,-476.362396,811.740356,959.890930
693,2.887500,0.011652,-0.006979,-0.944950,-0.326931,-346.361115,674.012756,39.292301,0.018873,-0.003542,0.900268,0.434912,-577.068115,871.706360,42.604362,0.021636,-0.009307,0.957825,0.286385,-476.295990,811.005249,959.841675
694,2.891667,0.011829,-0.007163,-0.944986,-0.326819,-346.304993,674.024963,39.261345,0.018989,-0.003660,0.900251,0.434941,-577.056335,871.687988,42.606323,0.021850,-0.009407,0.957677,0.286861,-476.236786,810.303101,959.767273
695,2.895833,0.011805,-0.007336,-0.944996,-0.326786,-346.262573,674.027771,39.232777,0.019188,-0.003782,0.900226,0.434983,-577.040710,871.673279,42.601875,0.022047,-0.009572,0.957514,0.287383,-476.153564,809.663452,959.707336
696,2.900000,0.011545,-0.007452,-0.945011,-0.326751,-346.213287,674.031128,39.196140,0.019315,-0.003932,0.900202,0.435026,-577.029358,871.651672,42.598835,0.022080,-0.009642,0.957345,0.287940,-476.092255,808.996338,959.649780
697,2.904167,0.011224,-0.007554,-0.945015,-0.326746,-346.161224,674.035889,39.159157,0.019496,-0.004068,0.900179,0.435064,-577.012390,871.635071,42.599541,0.022042,-0.009705,0.957192,0.288451,-475.996368,808.363708,959.648132
698,2.908333,0.010926,-0.007560,-0.945030,-0.326715,-346.099701,674.020203,39.109890,0.019672,-0.004222,0.900147,0.435122,-577.005005,871.617737,42.601479,0.022024,-0.009734,0.957019,0.289023,-475.893463,807.689941,959.643066
699,2.912500,0.010447,-0.007601,-0.945026,-0.326741,-346.044189,674.014954,39.073547,0.019769,-0.004271,0.900124,0.435165,-576.996582,871.603149,42.603771,0.021883,-0.009878,0.956892,0.289450,-475.823853,807.016052,959.641296
700,2.916667,0.009993,-0.007581,-0.945035,-0.326728,-345.985962,674.000854,39.032288,0.019985,-0.004425,0.900116,0.435169,-576.981689,871.585205,42.602554,0.021845,-0.010049,0.956774,0.289837,-475.742859,806.395813,959.663757
701,2.920833,0.009481,-0.007502,-0.945042,-0.326726,-345.918396,673.973206,39.001339,0.020119,-0.004523,0.900084,0.435227,-576.974548,871.574280,42.604015,0.021699,-0.010140,0.956646,0.290266,-475.633514,805.795227,959.698792
702,2.925000,0.008888,-0.007411,-0.945053,-0.326712,-345.846252,673.948669,38.958694,0.020255,-0.004627,0.900068,0.435254,-576.964600,871.561951,42.611740,0.021660,-0.010230,0.956480,0.290812,-475.527832,805.176697,959.719421
703,2.929167,0.008294,-0.007301,-0.945050,-0.326739,-345.789429,673.923889,38.922169,0.020420,-0.004711,0.900056,0.435269,-576.958618,871.546204,42.615948,0.021539,-0.010241,0.956304,0.291399,-475.383301,804.561707,959.760742
704,2.933333,0.007739,-0.007175,-0.945044,-0.326774,-345.724121,673.896240,38.889099,0.020546,-0.004790,0.900037,0.435302,-576.953247,871.529602,42.616417,0.021440,-0.010235,0.956129,0.291980,-475.240784,803.994568,959.809875
705,2.937500,0.007219,-0.006930,-0.945066,-0.326726,-345.666046,673.850159,38.853760,0.020685,-0.004866,0.900011,0.435348,-576.948669,871.521973,42.622437,0.021337,-0.010286,0.955979,0.292478,-475.111084,803.442383,959.897522
706,2.941667,0.006811,-0.006751,-0.945098,-0.326646,-345.593414,673.805176,38.817474,0.020817,-0.004961,0.900008,0.435348,-576.935852,871.513489,42.626087,0.021282,-0.010209,0.955798,0.293075,-474.971405,802.822632,959.937622
707,2.945833,0.006243,-0.006515,-0.945143,-0.326532,-345.506866,673.741394,38.796860,0.020916,-0.005022,0.899970,0.435420,-576.927856,871.509705,42.628719,0.021073,-0.010210,0.955634,0.293626,-474.828918,802.256714,960.006714
708,2.950000,0.005771,-0.006341,-0.945177,-0.326447,-345.430084,673.687622,38.776176,0.020968,-0.005044,0.899929,0.435504,-576.925232,871.507874,42.636246,0.021023,-0.010343,0.955458,0.294197,-474.679901,801.705383,960.055786
709,2.954167,0.005114,-0.006156,-0.945168,-0.326487,-345.350372,673.629883,38.746632,0.021096,-0.005097,0.899916,0.435524,-576.916809,871.500671,42.639381,0.020915,-0.010499,0.955262,0.294834,-474.525604,801.157043,960.108337
710,2.958333,0.004514,-0.005973,-0.945152,-0.326544,-345.293121,673.595764,38.717831,0.021149,-0.005173,0.899918,0.435515,-576.907288,871.487854,42.642509,0.020728,-0.010517,0.955097,0.295381,-474.370697,800.642517,960.179810
711,2.962500,0.003956,-0.005822,-0.945133,-0.326609,-345.233093,673.564758,38.695538,0.021331,-0.005261,0.899907,0.435528,-576.899597,871.483215,42.645744,0.020536,-0.010528,0.954910,0.295999,-474.207611,800.103882,960.231750
712,2.966667,0.003560,-0.005700,-0.945103,-0.326705,-345.191589,673.535095,38.676262,0.021338,-0.005247,0.899882,0.435580,-576.899170,871.471924,42.647724,0.020437,-0.010599,0.954732,0.296576,-474.032867,799.580078,960.303345
713,2.970833,0.003328,-0.005582,-0.945096,-0.326727,-345.137909,673.507996,38.651733,0.021451,-0.005329,0.899875,0.435587,-576.887512,871.464050,42.642826,0.020400,-0.010609,0.954543,0.297185,-473.860687,799.045166,960.346619
714,2.975000,0.002873,-0.005476,-0.945089,-0.326756,-345.093872,673.481506,38.638939,0.021527,-0.005381,0.899848,0.435638,-576.880676,871.458496,42.647659,0.020558,-0.010591,0.954318,0.297897,-473.716461,798.446411,960.350342
715,2.979167,0.002370,-0.005349,-0.945093,-0.326750,-345.046112,673.455078,38.610435,0.021648,-0.005387,0.899808,0.435716,-576.872681,871.461365,42.662594,0.020600,-0.010726,0.954085,0.298633,-473.541901,797.908691,960.357971
716,2.983333,0.002014,-0.005233,-0.945072,-0.326815,-345.007202,673.427124,38.586033,0.021797,-0.005359,0.899766,0.435796,-576.864136,871.466431,42.678116,0.020492,-0.010967,0.953879,0.299291,-473.371704,797.398926,960.393127
717,2.987500,0.001765,-0.005105,-0.945058,-0.326859,-344.975494,673.395935,38.571510,0.021918,-0.005363,0.899731,0.435861,-576.843994,871.469421,42.689541,0.020374,-0.011259,0.953672,0.299946,-473.192139,796.890442,960.420227
718,2.991667,0.001452,-0.005036,-0.945045,-0.326898,-344.952911,673.371033,38.550900,0.021964,-0.005405,0.899749,0.435822,-576.829712,871.463440,42.684116,0.020361,-0.011461,0.953441,0.300674,-472.992340,796.368530,960.415771
719,2.995833,0.001369,-0.005023,-0.945037,-0.326921,-344.933228,673.354858,38.539494,0.022018,-0.005443,0.899744,0.435829,-576.828979,871.461243,42.684303,0.020132,-0.011663,0.953243,0.301309,-472.776581,795.944458,960.475708
720,3.000000,0.001250,-0.004958,-0.945006,-0.327012,-344.920471,673.326477,38.531960,0.022086,-0.005457,0.899718,0.435879,-576.826416,871.450745,42.686893,0.020038,-0.011917,0.953057,0.301893,-472.581146,795.489624,960.501770
721,3.004167,0.000959,-0.004936,-0.944987,-0.327069,-344.919067,673.301331,38.518475,0.022261,-0.005535,0.899699,0.435907,-576.815735,871.451538,42.689720,0.020022,-0.012102,0.952858,0.302514,-472.374725,794.986938,960.521667
722,3.008333,0.000910,-0.004904,-0.944979,-0.327092,-344.903564,673.272888,38.501057,0.022356,-0.005568,0.899688,0.435924,-576.803833,871.447083,42.687435,0.019913,-0.012297,0.952639,0.303200,-472.154755,794.537109,960.533325
723,3.012500,0.000671,-0.004930,-0.944972,-0.327114,-344.898926,673.243713,38.490993,0.022382,-0.005555,0.899675,0.435951,-576.796265,871.439636,42.686802,0.019902,-0.012482,0.952419,0.303887,-471.938385,794.040955,960.516968
724,3.016667,0.000547,-0.004890,-0.944969,-0.327122,-344.875732,673.213135,38.472137,0.022503,-0.005635,0.899662,0.435970,-576.787415,871.437256,42.685493,0.019801,-0.012681,0.952214,0.304526,-471.721924,793.562378,960.502808
725,3.020833,0.000325,-0.004885,-0.944980,-0.327091,-344.861572,673.173157,38.451000,0.022565,-0.005624,0.899638,0.436017,-576.778198,871.437012,42.692375,0.019798,-0.012829,0.952008,0.305163,-471.488129,793.117798,960.497986
726,3.025000,0.000137,-0.004829,-0.944969,-0.327124,-344.839447,673.137146,38.421101,0.022654,-0.005659,0.899626,0.436036,-576.771057,871.431580,42.689663,0.019727,-0.012994,0.951817,0.305755,-471.267334,792.693909,960.501465
727,3.029167,-0.000260,-0.004678,-0.944995,-0.327051,-344.814697,673.090698,38.385441,0.022742,-0.005695,0.899601,0.436082,-576.762024,871.431519,42.686764,0.019674,-0.013279,0.951606,0.306403,-471.035370,792.261841,960.505615
728,3.033333,-0.000559,-0.004497,-0.945018,-0.326987,-344.782562,673.045044,38.333717,0.022744,-0.005684,0.899616,0.436052,-576.753174,871.453613,42.705235,0.019588,-0.013595,0.951418,0.306979,-470.826385,791.778931,960.505127
729,3.037500,-0.000854,-0.004378,-0.945035,-0.326938,-344.760712,673.009583,38.300133,0.022846,-0.005625,0.899531,0.436222,-576.744324,871.472778,42.718174,0.019627,-0.013892,0.951236,0.307524,-470.635864,791.296204,960.461975
730,3.041667,-0.001158,-0.004257,-0.945031,-0.326952,-344.743286,672.971313,38.269466,0.022854,-0.005546,0.899495,0.436297,-576.731323,871.482422,42.724346,0.019579,-0.013999,0.951069,0.308041,-470.418793,790.876892,960.439880
731,3.045833,-0.001559,-0.004038,-0.945045,-0.326912,-344.711731,672.933411,38.223640,0.023002,-0.005582,0.899471,0.436340,-576.720459,871.481567,42.739635,0.019622,-0.014108,0.950880,0.308616,-470.171082,790.508118,960.428833
732,3.050000,-0.001846,-0.003812,-0.945057,-0.326879,-344.682098,672.901184,38.178635,0.023106,-0.005611,0.899447,0.436382,-576.709412,871.487305,42.742710,0.019619,-0.014349,0.950708,0.309135,-469.945892,790.107117,960.427429
733,3.054167,-0.002208,-0.003617,-0.945069,-0.326843,-344.656403,672.861938,38.134480,0.023142,-0.005571,0.899395,0.436489,-576.706970,871.490417,42.755627,0.019634,-0.014406,0.950503,0.309758,-469.701294,789.683289,960.421326
734,3.058333,-0.002448,-0.003383,-0.945081,-0.326811,-344.623505,672.824585,38.091202,0.023425,-0.005659,0.899277,0.436716,-576.685608,871.471436,42.752468,0.019638,-0.014453,0.950338,0.310264,-469.468018,789.287354,960.399292
735,3.062500,-0.002823,-0.003150,-0.945096,-0.326767,-344.600830,672.795471,38.051682,0.023488,-0.005657,0.899239,0.436789,-576.668030,871.472168,42.758987,0.018960,-0.014616,0.950177,0.310789,-469.276398,788.934814,960.475586
736,3.066667,-0.002937,-0.002878,-0.945113,-0.326718,-344.560303,672.770386,38.002232,0.023578,-0.005640,0.899197,0.436872,-576.660522,871.480713,42.761108,0.018767,-0.014703,0.950010,0.311308,-469.057068,788.557495,960.467041
737,3.070833,-0.003315,-0.002590,-0.945124,-0.326685,-344.532043,672.741455,37.955666,0.023697,-0.005680,0.899168,0.436926,-576.648010,871.494324,42.770775,0.018608,-0.014781,0.949860,0.311773,-468.844482,788.158813,960.469177
738,3.075000,-0.003538,-0.002284,-0.945146,-0.326620,-344.507629,672.707520,37.911324,0.023731,-0.005687,0.899128,0.437004,-576.645142,871.502319,42.782352,0.018477,-0.014854,0.949688,0.312298,-468.610992,787.800903,960.474548
739,3.079167,-0.003772,-0.002016,-0.945160,-0.326580,-344.488037,672.687622,37.861195,0.023734,-0.005611,0.899100,0.437063,-576.641235,871.517639,42.791733,0.018502,-0.014901,0.949531,0.312772,-468.385986,787.407776,960.453369
740,3.083333,-0.004064,-0.001768,-0.945176,-0.326532,-344.465210,672.664185,37.819798,0.023846,-0.005580,0.899061,0.437139,-576.630249,871.538635,42.811958,0.018327,-0.014955,0.949345,0.313344,-468.137360,787.078247,960.485046
741,3.087500,-0.004339,-0.001470,-0.945191,-0.326486,-344.441193,672.648071,37.773975,0.023880,-0.005516,0.899013,0.437236,-576.629944,871.567383,42.822945,0.018308,-0.015005,0.949180,0.313843,-467.916168,786.707642,960.477722
742,3.091667,-0.004462,-0.001184,-0.945223,-0.326393,-344.417664,672.634521,37.734592,0.023865,-0.005411,0.898960,0.437346,-576.635681,871.589783,42.837559,0.018220,-0.014982,0.949035,0.314287,-467.701294,786.324768,960.470215
743,3.095833,-0.004740,-0.000916,-0.945229,-0.326371,-344.397919,672.626038,37.689037,0.023924,-0.005394,0.898921,0.437423,-576.630920,871.607239,42.853901,0.018107,-0.014881,0.948857,0.314835,-467.468933,785.944092,960.471680
744,3.100000,-0.005040,-0.000597,-0.945261,-0.326276,-344.378387,672.609558,37.645687,0.023992,-0.005451,0.898902,0.437458,-576.626099,871.614441,42.865116,0.018195,-0.014947,0.948668,0.315397,-467.235168,785.536682,960.450562
745,3.104167,-0.005215,-0.000267,-0.945279,-0.326222,-344.352997,672.600220,37.598644,0.023957,-0.005407,0.898929,0.437405,-576.630920,871.663330,42.898907,0.018196,-0.015156,0.948511,0.315857,-467.011414,785.142212,960.449707
746,3.108333,-0.005386,0.000056,-0.945295,-0.326172,-344.344574,672.600830,37.551884,0.024053,-0.005475,0.898922,0.437414,-576.628052,871.670654,42.907639,0.018227,-0.015369,0.948371,0.316265,-466.787323,784.741394,960.439392
747,3.112500,-0.005609,0.000381,-0.945314,-0.326114,-344.323212,672.600708,37.515213,0.024155,-0.005515,0.898906,0.437440,-576.629944,871.667908,42.919277,0.018124,-0.015260,0.948227,0.316708,-466.546997,784.378906,960.446960
748,3.116667,-0.005867,0.000732,-0.945349,-0.326007,-344.304779,672.600342,37.465366,0.024255,-0.005479,0.898862,0.437526,-576.620178,871.688416,42.934074,0.018066,-0.015150,0.948075,0.317173,-466.296753,784.036621,960.440308
749,3.120833,-0.006102,0.001100,-0.945387,-0.325891,-344.287903,672.609985,37.418068,0.024376,-0.005547,0.898807,0.437630,-576.608215,871.700195,42.950340,0.018122,-0.014987,0.947922,0.317633,-466.042358,783.677185,960.429504
750,3.125000,-0.006300,0.001477,-0.945420,-0.325791,-344.269012,672.615906,37.377289,0.024496,-0.005584,0.898782,0.437675,-576.598145,871.703186,42.963985,0.018165,-0.015089,0.947820,0.317932,-465.801483,783.323853,960.441040
751,3.129167,-0.006510,0.001879,-0.945451,-0.325695,-344.247253,672.628662,37.327560,0.024675,-0.005601,0.898744,0.437743,-576.592529,871.703308,42.980106,0.018121,-0.015019,0.947720,0.318235,-465.566986,782.959045,960.456116
752,3.133333,-0.006771,0.002230,-0.945473,-0.325622,-344.230927,672.640381,37.284416,0.024791,-0.005637,0.898744,0.437736,-576.582397,871.699341,42.996964,0.018136,-0.014993,0.947599,0.318593,-465.318298,782.613892,960.468384
753,3.137500,-0.007003,0.002568,-0.945491,-0.325563,-344.224579,672.656799,37.241512,0.024989,-0.005651,0.898730,0.437754,-576.570557,871.704895,43.012459,0.018069,-0.014818,0.947473,0.318982,-465.111572,782.220215,960.465454
754,3.141667,-0.007264,0.002860,-0.945513,-0.325490,-344.212219,672.670715,37.213398,0.025199,-0.005717,0.898718,0.437765,-576.562378,871.704468,43.022186,0.017967,-0.014952,0.947364,0.319304,-464.873993,781.898438,960.466370
755,3.145833,-0.007371,0.003091,-0.945528,-0.325443,-344.199615,672.689880,37.186260,0.025326,-0.005707,0.898692,0.437811,-576.552673,871.707581,43.039436,0.017797,-0.014973,0.947245,0.319665,-464.635132,781.573792,960.523621
756,3.150000,-0.007604,0.003326,-0.945546,-0.325382,-344.187927,672.701355,37.151279,0.025474,-0.005782,0.898687,0.437812,-576.541199,871.705750,43.050697,0.017941,-0.014788,0.947124,0.320025,-464.400330,781.202454,960.472290
757,3.154167,-0.007771,0.003539,-0.945553,-0.325357,-344.174774,672.716370,37.124977,0.025558,-0.005813,0.898685,0.437812,-576.533264,871.704163,43.062325,0.018112,-0.014517,0.947020,0.320334,-464.186218,780.828247,960.418701
758,3.158333,-0.008004,0.003694,-0.945563,-0.325321,-344.161682,672.730652,37.097641,0.025699,-0.005905,0.898712,0.437745,-576.518433,871.690247,43.061020,0.018471,-0.014288,0.946885,0.320723,-463.982422,780.407532,960.340759
759,3.162500,-0.008155,0.003832,-0.945559,-0.325327,-344.137360,672.743835,37.077675,0.025930,-0.005918,0.898707,0.437742,-576.509644,871.700378,43.071133,0.018697,-0.014283,0.946776,0.321033,-463.804108,779.988159,960.269348
760,3.166667,-0.008359,0.003912,-0.945555,-0.325330,-344.123901,672.757202,37.052364,0.026082,-0.005990,0.898722,0.437701,-576.496521,871.687622,43.076645,0.019008,-0.014238,0.946691,0.321266,-463.618011,779.583374,960.203796
761,3.170833,-0.008615,0.003993,-0.945575,-0.325267,-344.098572,672.766968,37.033619,0.026262,-0.006102,0.898740,0.437653,-576.486572,871.680054,43.078800,0.019148,-0.014405,0.946591,0.321545,-463.407440,779.241821,960.201294
762,3.175000,-0.008763,0.004074,-0.945579,-0.325248,-344.071930,672.777405,37.005188,0.026378,-0.006174,0.898753,0.437618,-576.471741,871.671753,43.081661,0.019203,-0.014519,0.946480,0.321864,-463.164429,778.932556,960.197815
763,3.179167,-0.008983,0.004126,-0.945578,-0.325244,-344.045013,672.786194,36.986507,0.026506,-0.006274,0.898771,0.437571,-576.462524,871.659912,43.088303,0.019126,-0.014394,0.946407,0.322088,-462.929565,778.581482,960.199829
764,3.183333,-0.009258,0.004163,-0.945580,-0.325232,-344.015350,672.797180,36.963833,0.026744,-0.006368,0.898775,0.437548,-576.439087,871.656860,43.093155,0.018845,-0.014524,0.946346,0.322278,-462.696472,778.267578,960.263367
765,3.187500,-0.009482,0.004237,-0.945577,-0.325232,-343.990967,672.803772,36.937798,0.026884,-0.006498,0.898774,0.437539,-576.426697,871.645996,43.090096,0.018770,-0.014641,0.946286,0.322455,-462.462616,777.951294,960.307312
766,3.191667,-0.009702,0.004272,-0.945587,-0.325196,-343.958466,672.808594,36.909847,0.027047,-0.006565,0.898786,0.437504,-576.414490,871.634277,43.087158,0.018725,-0.014811,0.946204,0.322690,-462.218262,777.654785,960.320435
767,3.195833,-0.009938,0.004325,-0.945581,-0.325206,-343.921997,672.812988,36.888565,0.027151,-0.006660,0.898800,0.437466,-576.400391,871.615417,43.081646,0.018716,-0.014972,0.946126,0.322911,-461.986633,777.343506,960.327942
768,3.200000,-0.010159,0.004410,-0.945577,-0.325210,-343.882812,672.811462,36.863407,0.027297,-0.006743,0.898815,0.437426,-576.386047,871.603149,43.083942,0.018887,-0.015079,0.946030,0.323177,-461.752014,777.041870,960.307617
769,3.204167,-0.010391,0.004481,-0.945577,-0.325200,-343.839966,672.815552,36.834095,0.027468,-0.006805,0.898821,0.437401,-576.377991,871.604797,43.084076,0.018891,-0.015115,0.945938,0.323445,-461.526978,776.736389,960.329468
770,3.208333,-0.010718,0.004526,-0.945580,-0.325181,-343.804169,672.818726,36.813145,0.027635,-0.006947,0.898819,0.437393,-576.368103,871.586731,43.086884,0.018908,-0.015199,0.945864,0.323655,-461.293762,776.419434,960.323364
771,3.212500,-0.010986,0.004589,-0.945574,-0.325188,-343.754730,672.822815,36.790653,0.027745,-0.007072,0.898830,0.437361,-576.353149,871.565247,43.080471,0.018814,-0.015386,0.945793,0.323861,-461.094666,776.093933,960.312988
772,3.216667,-0.011222,0.004680,-0.945587,-0.325142,-343.693054,672.818848,36.760944,0.027959,-0.007181,0.898832,0.437343,-576.339233,871.560913,43.076603,0.018947,-0.015515,0.945718,0.324064,-460.876129,775.774902,960.265320
773,3.220833,-0.011605,0.004749,-0.945578,-0.325154,-343.641052,672.816895,36.744118,0.028071,-0.007204,0.898819,0.437361,-576.332336,871.548096,43.071865,0.019100,-0.015649,0.945642,0.324270,-460.670898,775.461243,960.231079
774,3.225000,-0.011955,0.004882,-0.945584,-0.325123,-343.584473,672.812927,36.718079,0.028254,-0.007325,0.898815,0.437356,-576.319580,871.536133,43.070518,0.019121,-0.015766,0.945588,0.324422,-460.471710,775.147705,960.211731
775,3.229167,-0.012424,0.004973,-0.945572,-0.325136,-343.531494,672.812073,36.690857,0.028318,-0.007388,0.898820,0.437340,-576.313904,871.528625,43.070030,0.018995,-0.015920,0.945529,0.324594,-460.290741,774.829041,960.182129
776,3.233333,-0.012972,0.005088,-0.945582,-0.325086,-343.486145,672.809753,36.658588,0.028453,-0.007472,0.898800,0.437370,-576.314331,871.522522,43.062897,0.018965,-0.016039,0.945466,0.324772,-460.095795,774.504456,960.145142
777,3.237500,-0.013476,0.005168,-0.945588,-0.325045,-343.426910,672.808533,36.635010,0.028625,-0.007575,0.898780,0.437398,-576.318115,871.508667,43.056232,0.019032,-0.016167,0.945414,0.324913,-459.905060,774.198242,960.120117
778,3.241667,-0.014053,0.005249,-0.945600,-0.324986,-343.366486,672.808411,36.607166,0.028724,-0.007708,0.898740,0.437473,-576.327942,871.499512,43.047112,0.019030,-0.016295,0.945362,0.325060,-459.716492,773.887878,960.102417
779,3.245833,-0.014591,0.005332,-0.945615,-0.324917,-343.304077,672.804382,36.589314,0.028789,-0.007818,0.898705,0.437538,-576.339172,871.483643,43.043041,0.018893,-0.016454,0.945323,0.325171,-459.530060,773.577393,960.085999
780,3.250000,-0.015208,0.005423,-0.945650,-0.324787,-343.240021,672.807922,36.559139,0.028860,-0.007906,0.898682,0.437578,-576.343506,871.472351,43.031883,0.018989,-0.016539,0.945265,0.325330,-459.327362,773.260620,960.050781
781,3.254167,-0.015742,0.005520,-0.945679,-0.324673,-343.174744,672.801697,36.533875,0.028975,-0.008034,0.898700,0.437531,-576.340942,871.463745,43.030464,0.018969,-0.016630,0.945225,0.325443,-459.136414,772.959290,960.020996
782,3.258333,-0.016258,0.005609,-0.945694,-0.324602,-343.117279,672.791809,36.512642,0.029087,-0.008086,0.898722,0.437479,-576.326599,871.451904,43.015327,0.019007,-0.016774,0.945189,0.325539,-458.950317,772.670898,959.997803
783,3.262500,-0.016893,0.005721,-0.945732,-0.324458,-343.051941,672.782104,36.482876,0.029116,-0.008141,0.898728,0.437464,-576.324524,871.436279,43.004768,0.018908,-0.016988,0.945154,0.325636,-458.777435,772.388123,959.989136
784,3.266667,-0.017450,0.005790,-0.945751,-0.324371,-342.996338,672.777771,36.460850,0.029156,-0.008244,0.898733,0.437449,-576.320496,871.431091,42.994148,0.018855,-0.017154,0.945114,0.325745,-458.604401,772.081177,959.974731
785,3.270833,-0.017952,0.005896,-0.945773,-0.324279,-342.929779,672.765076,36.434547,0.029180,-0.008292,0.898733,0.437445,-576.326111,871.432068,42.984097,0.018721,-0.017307,0.945081,0.325841,-458.430298,771.768738,959.969421
786,3.275000,-0.018475,0.006008,-0.945798,-0.324173,-342.869507,672.754883,36.409039,0.029240,-0.008351,0.898721,0.437466,-576.323181,871.427734,42.969845,0.018653,-0.017466,0.945036,0.325965,-458.254944,771.455383,959.949463
787,3.279167,-0.019046,0.006149,-0.945839,-0.324019,-342.811096,672.725891,36.376274,0.029326,-0.008433,0.898723,0.437453,-576.327515,871.424622,42.964344,0.018521,-0.017565,0.944996,0.326085,-458.072662,771.142700,959.940796
788,3.283333,-0.019559,0.006231,-0.945869,-0.323898,-342.754486,672.705322,36.363880,0.029308,-0.008520,0.898699,0.437503,-576.326416,871.420105,42.950401,0.018451,-0.017687,0.944960,0.326186,-457.894318,770.827820,959.921570
789,3.287500,-0.020156,0.006294,-0.945863,-0.323877,-342.708984,672.691833,36.344288,0.029354,-0.008585,0.898707,0.437482,-576.326904,871.419006,42.936466,0.018634,-0.017726,0.944893,0.326366,-457.696655,770.531189,959.894409
790,3.291667,-0.020749,0.006351,-0.945888,-0.323766,-342.653259,672.675110,36.325668,0.029302,-0.008619,0.898704,0.437492,-576.326477,871.411682,42.922668,0.018587,-0.017864,0.944851,0.326484,-457.527405,770.240417,959.874207
791,3.295833,-0.021419,0.006389,-0.945887,-0.323725,-342.613617,672.650024,36.304325,0.029322,-0.008696,0.898708,0.437480,-576.326050,871.406616,42.911907,0.018480,-0.018090,0.944821,0.326565,-457.372040,769.936096,959.859558
792,3.300000,-0.022002,0.006449,-0.945879,-0.323710,-342.564362,672.619873,36.290310,0.029388,-0.008794,0.898730,0.437427,-576.325317,871.402344,42.901707,0.018299,-0.018264,0.944791,0.326650,-457.224701,769.615784,959.832947
793,3.304167,-0.022492,0.006465,-0.945895,-0.323627,-342.521027,672.590271,36.275986,0.029381,-0.008809,0.898717,0.437456,-576.324280,871.408020,42.888477,0.018212,-0.018434,0.944755,0.326750,-457.057373,769.315674,959.819763
794,3.308333,-0.022891,0.006503,-0.946028,-0.323210,-342.454407,672.527771,36.264431,0.029336,-0.008865,0.898723,0.437444,-576.331116,871.402100,42.871746,0.014787,-0.018598,0.944965,0.326308,-456.811829,769.318726,960.402527
795,3.312500,-0.023300,0.006648,-0.946223,-0.322607,-342.347076,672.416565,36.245304,0.029393,-0.008954,0.898696,0.437495,-576.329956,871.402710,42.863068,0.014750,-0.018725,0.944906,0.326474,-456.659973,768.997803,960.365112
796,3.316667,-0.023958,0.006764,-0.946380,-0.322095,-342.236542,672.307739,36.218338,0.029396,-0.008971,0.898676,0.437536,-576.332642,871.395813,42.852467,0.014745,-0.018781,0.944868,0.326579,-456.498383,768.695435,960.328308
797,3.320833,-0.024580,0.006824,-0.946461,-0.321810,-342.165924,672.215088,36.199413,0.029426,-0.009047,0.898665,0.437554,-576.333679,871.393433,42.841736,0.014864,-0.018813,0.944834,0.326672,-456.330231,768.412781,960.288757
798,3.325000,-0.025092,0.006835,-0.946468,-0.321749,-342.123901,672.160278,36.176411,0.029448,-0.009083,0.898648,0.437587,-576.330078,871.394775,42.823872,0.014811,-0.019040,0.944795,0.326772,-456.189331,768.120422,960.264099
799,3.329167,-0.025688,0.006823,-0.946480,-0.321665,-342.072540,672.127014,36.162426,0.029481,-0.009136,0.898632,0.437617,-576.331665,871.398499,42.815693,0.014847,-0.019253,0.944746,0.326901,-456.034180,767.821289,960.241455
800,3.333333,-0.026212,0.006803,-0.946510,-0.321535,-342.009277,672.110596,36.147881,0.029515,-0.009199,0.898643,0.437590,-576.328857,871.396729,42.807266,0.014653,-0.019468,0.944705,0.327016,-455.918793,767.474670,960.232544
801,3.337500,-0.026482,0.006795,-0.946535,-0.321440,-341.979767,672.101257,36.137833,0.029539,-0.009231,0.898621,0.437633,-576.332764,871.394409,42.797344,0.014508,-0.019612,0.944649,0.327176,-455.794983,767.153809,960.195679
802,3.341667,-0.026706,0.006731,-0.946513,-0.321489,-341.965271,672.099670,36.131725,0.029596,-0.009283,0.898606,0.437658,-576.334412,871.400391,42.783638,0.014415,-0.019711,0.944611,0.327284,-455.656311,766.842041,960.160583
803,3.345833,-0.026950,0.006716,-0.946495,-0.321522,-341.949310,672.095886,36.126568,0.029625,-0.009279,0.898580,0.437710,-576.333557,871.399292,42.784172,0.014258,-0.019879,0.944575,0.327382,-455.525757,766.536377,960.132141
804,3.350000,-0.027246,0.006684,-0.946482,-0.321534,-341.938477,672.095276,36.122906,0.029656,-0.009308,0.898556,0.437757,-576.325562,871.412476,42.771698,0.014314,-0.019994,0.944547,0.327454,-455.381897,766.248535,960.096313
805,3.354167,-0.027505,0.006692,-0.946465,-0.321564,-341.925903,672.083069,36.115421,0.029695,-0.009344,0.898531,0.437805,-576.324402,871.417908,42.764736,0.014411,-0.020117,0.944503,0.327569,-455.230560,765.981262,960.063110
806,3.358333,-0.027658,0.006704,-0.946446,-0.321604,-341.932495,672.082153,36.108582,0.029726,-0.009344,0.898506,0.437853,-576.320496,871.423157,42.753529,0.014262,-0.020228,0.944460,0.327692,-455.100159,765.703186,960.045349
807,3.362500,-0.027736,0.006636,-0.946463,-0.321549,-341.916168,672.071472,36.117405,0.029755,-0.009360,0.898499,0.437866,-576.319641,871.425659,42.744347,0.014149,-0.020464,0.944430,0.327770,-454.968872,765.412109,960.031799
808,3.366667,-0.027727,0.006647,-0.946457,-0.321567,-341.911255,672.069641,36.116795,0.029799,-0.009353,0.898463,0.437936,-576.316833,871.428467,42.738918,0.014186,-0.020595,0.944393,0.327867,-454.830658,765.137390,960.004944
809,3.370833,-0.027858,0.006632,-0.946470,-0.321518,-341.900574,672.069458,36.117413,0.029851,-0.009370,0.898435,0.437990,-576.311157,871.439453,42.729805,0.014105,-0.020749,0.944372,0.327921,-454.702515,764.851257,959.976929
810,3.375000,-0.027900,0.006638,-0.946477,-0.321495,-341.889099,672.063110,36.117043,0.029915,-0.009382,0.898410,0.438037,-576.307739,871.445740,42.726990,0.014046,-0.020899,0.944354,0.327966,-454.573364,764.566650,959.942688
811,3.379167,-0.028091,0.006625,-0.946465,-0.321512,-341.888733,672.062927,36.108818,0.029966,-0.009413,0.898387,0.438081,-576.307495,871.448730,42.714684,0.014195,-0.020913,0.944313,0.328076,-454.402679,764.283875,959.892761
812,3.383333,-0.028231,0.006618,-0.946462,-0.321511,-341.878632,672.058960,36.106739,0.029955,-0.009407,0.898360,0.438137,-576.306152,871.453857,42.702110,0.013999,-0.021063,0.944292,0.328137,-454.264343,763.998352,959.880127
813,3.387500,-0.028461,0.006619,-0.946464,-0.321485,-341.877655,672.051758,36.098652,0.030012,-0.009410,0.898344,0.438164,-576.304810,871.459595,42.697575,0.013959,-0.021190,0.944269,0.328196,-454.113007,763.735657,959.862671
814,3.391667,-0.028550,0.006632,-0.946478,-0.321434,-341.865479,672.040344,36.093071,0.030050,-0.009407,0.898306,0.438240,-576.299377,871.467712,42.690529,0.013770,-0.021275,0.944258,0.328230,-453.994904,763.470398,959.849304
815,3.395833,-0.028612,0.006656,-0.946491,-0.321390,-341.851562,672.034729,36.093498,0.030084,-0.009394,0.898298,0.438255,-576.288940,871.464722,42.684086,0.013869,-0.021367,0.944245,0.328257,-453.854370,763.253296,959.856628
816,3.400000,-0.028707,0.006657,-0.946480,-0.321415,-341.853760,672.028870,36.090931,0.030144,-0.009403,0.898276,0.438295,-576.281677,871.468262,42.678734,0.013787,-0.021511,0.944223,0.328315,-453.738403,763.022095,959.844727
817,3.404167,-0.028823,0.006639,-0.946488,-0.321380,-341.844330,672.025879,36.087605,0.030149,-0.009407,0.898288,0.438270,-576.273682,871.468018,42.666046,0.013679,-0.021607,0.944205,0.328365,-453.612366,762.762573,959.821045
818,3.408333,-0.028949,0.006682,-0.946490,-0.321362,-341.835663,672.019836,36.087013,0.030206,-0.009404,0.898273,0.438297,-576.271729,871.466736,42.661335,0.013621,-0.021671,0.944182,0.328430,-453.483765,762.502625,959.791138
819,3.412500,-0.029056,0.006716,-0.946500,-0.321323,-341.825256,672.008362,36.083832,0.030262,-0.009446,0.898272,0.438295,-576.273071,871.466431,42.654202,0.013627,-0.021748,0.944160,0.328486,-453.357330,762.235657,959.773987
820,3.416667,-0.029228,0.006756,-0.946510,-0.321276,-341.825958,672.003113,36.080246,0.030044,-0.009034,0.898196,0.438475,-576.251587,871.448486,42.607841,0.013430,-0.021870,0.944138,0.328550,-453.233856,761.950134,959.749146
821,3.420833,-0.029252,0.006785,-0.946507,-0.321283,-341.822632,671.989258,36.084934,0.029974,-0.008944,0.898188,0.438498,-576.250427,871.436768,42.589584,0.013298,-0.021911,0.944125,0.328590,-453.113159,761.690125,959.749878
822,3.425000,-0.029371,0.006848,-0.946518,-0.321237,-341.814148,671.979492,36.079964,0.030025,-0.008992,0.898168,0.438533,-576.244446,871.437439,42.580978,0.013385,-0.021859,0.944115,0.328619,-452.979095,761.453735,959.729858
823,3.429167,-0.029501,0.006844,-0.946535,-0.321177,-341.809143,671.974609,36.074940,0.030123,-0.009054,0.898182,0.438497,-576.243286,871.428772,42.574970,0.013501,-0.021813,0.944107,0.328640,-452.850952,761.220581,959.716675
824,3.433333,-0.029542,0.006860,-0.946536,-0.321170,-341.810699,671.971436,36.076229,0.030119,-0.009067,0.898181,0.438500,-576.240540,871.417969,42.564438,0.013546,-0.021815,0.944057,0.328781,-452.704437,761.005371,959.716492
825,3.437500,-0.029532,0.006859,-0.946537,-0.321168,-341.821045,671.974426,36.075672,0.030180,-0.009087,0.898194,0.438468,-576.233154,871.402588,42.558159,0.013443,-0.021811,0.944035,0.328849,-452.579651,760.783325,959.708740
826,3.441667,-0.029640,0.006897,-0.946538,-0.321155,-341.816071,671.967712,36.081829,0.030137,-0.009125,0.898196,0.438467,-576.231995,871.398865,42.547916,0.013547,-0.021747,0.944016,0.328903,-452.451782,760.569092,959.683228
827,3.445833,-0.029641,0.006966,-0.946547,-0.321125,-341.810638,671.962280,36.075321,0.030204,-0.009115,0.898166,0.438524,-576.228210,871.389160,42.542446,0.013608,-0.021686,0.943978,0.329014,-452.316833,760.337830,959.672852
828,3.450000,-0.029621,0.006965,-0.946543,-0.321139,-341.823700,671.958557,36.069859,0.030219,-0.009124,0.898147,0.438561,-576.226379,871.381714,42.537926,0.013698,-0.021621,0.943948,0.329100,-452.193115,760.100281,959.654419
829,3.454167,-0.029641,0.006987,-0.946555,-0.321102,-341.824219,671.957092,36.067417,0.030263,-0.009185,0.898156,0.438537,-576.225952,871.372986,42.529949,0.013590,-0.021621,0.943900,0.329242,-452.074341,759.866211,959.644958
830,3.458333,-0.029546,0.007006,-0.946556,-0.321106,-341.828033,671.950684,36.071575,0.030321,-0.009232,0.898139,0.438569,-576.219360,871.368896,42.525429,0.013714,-0.021572,0.943856,0.329366,-451.954071,759.631897,959.629639
831,3.462500,-0.029598,0.007075,-0.946566,-0.321072,-341.826294,671.943665,36.062172,0.030368,-0.009261,0.898121,0.438600,-576.219055,871.355103,42.520187,0.013733,-0.021550,0.943823,0.329463,-451.821869,759.422058,959.618408
832,3.466667,-0.029592,0.007107,-0.946575,-0.321044,-341.828461,671.937256,36.062500,0.030370,-0.009299,0.898126,0.438590,-576.213623,871.348328,42.517544,0.013736,-0.021581,0.943808,0.329501,-451.703674,759.225281,959.635498
833,3.470833,-0.029626,0.007124,-0.946574,-0.321043,-341.836914,671.933289,36.058655,0.030445,-0.009329,0.898114,0.438609,-576.212891,871.344666,42.507690,0.013779,-0.021562,0.943785,0.329567,-451.572266,759.022644,959.626221
834,3.475000,-0.029561,0.007182,-0.946583,-0.321021,-341.836548,671.926575,36.052147,0.030471,-0.009365,0.898116,0.438601,-576.201904,871.332581,42.505512,0.013806,-0.021623,0.943746,0.329673,-451.434631,758.837280,959.627747
835,3.479167,-0.029591,0.007169,-0.946575,-0.321042,-341.848511,671.924011,36.053761,0.030464,-0.009370,0.898090,0.438655,-576.207275,871.329163,42.501759,0.013697,-0.021607,0.943723,0.329747,-451.309662,758.652832,959.648926
836,3.483333,-0.029546,0.007204,-0.946574,-0.321048,-341.854523,671.918335,36.054008,0.030525,-0.009397,0.898071,0.438690,-576.204407,871.319946,42.508396,0.013789,-0.021470,0.943670,0.329903,-451.152313,758.491699,959.637451
837,3.487500,-0.029507,0.007203,-0.946597,-0.320987,-341.854156,671.910767,36.050438,0.030581,-0.009501,0.898054,0.438719,-576.201355,871.319336,42.498798,0.013788,-0.021371,0.943632,0.330017,-451.022095,758.304565,959.628845
838,3.491667,-0.029459,0.007252,-0.946599,-0.320984,-341.856659,671.902283,36.049095,0.030611,-0.009511,0.898036,0.438752,-576.202026,871.314514,42.497612,0.013693,-0.021297,0.943593,0.330137,-450.895233,758.110840,959.627319
839,3.495833,-0.029394,0.007291,-0.946599,-0.320989,-341.862549,671.894287,36.039402,0.030627,-0.009538,0.898013,0.438799,-576.203308,871.315186,42.493298,0.013622,-0.021202,0.943547,0.330278,-450.778778,757.908081,959.621643
840,3.500000,-0.029403,0.007302,-0.946598,-0.320989,-341.868744,671.889587,36.033901,0.030637,-0.009573,0.898000,0.438823,-576.202209,871.302917,42.493706,0.013564,-0.021127,0.943501,0.330418,-450.663666,757.705811,959.624695
841,3.504167,-0.029476,0.007299,-0.946612,-0.320940,-341.872284,671.886597,36.034313,0.030647,-0.009618,0.897992,0.438837,-576.196533,871.298279,42.487591,0.013592,-0.021059,0.943473,0.330500,-450.543335,757.536743,959.616577
842,3.508333,-0.029457,0.007336,-0.946620,-0.320920,-341.875977,671.883728,36.028152,0.030728,-0.009646,0.897965,0.438887,-576.199768,871.296143,42.489807,0.013600,-0.020964,0.943447,0.330580,-450.432098,757.361023,959.617249
